0.1156065948 0.3329843516
0.3329843516 0.4680069834
0.4680069834 0.7933814824
0.7933814824 0.3625802798
0.3625802798 0.0023321360
0.0023321360 0.5291623105
0.5291623105 0.6309650363
0.6309650363 0.6293785311
0.6293785311 0.9649854228
0.9649854228 0.6255747536
0.6255747536 0.3678409350
0.3678409350 0.3026132514
0.3026132514 0.0209339117
0.0209339117 0.8362692534
0.8362692534 0.2929226207
0.2929226207 0.4834475298
0.4834475298 0.4182198462
0.4182198462 0.3539182632
0.3539182632 0.3042762368
0.3042762368 0.0863041030
0.0863041030 0.8460278097
0.8460278097 0.4205519822
0.4205519822 0.8830805738
0.8830805738 0.9352412731
0.9352412731 0.7156826342
0.7156826342 0.8110132325
0.8110132325 0.0461267359
0.0461267359 0.2509215088
0.2509215088 0.2378545245
0.2378545245 0.7366165458
0.7366165458 0.6472824859
0.6472824859 0.3390493565
0.3390493565 0.7343690386
0.7343690386 0.6560743707
0.6560743707 0.0905348090
0.0905348090 0.9515587226
0.9515587226 0.4253534595
0.4253534595 0.5803968483
0.5803968483 0.0766263530
0.0766263530 0.9736153828
0.9736153828 0.8867999958
0.8867999958 0.1410360937
0.1410360937 0.3914100807
0.3914100807 0.1227530888
0.1227530888 0.2245368916
0.2245368916 0.1246545203
0.1246545203 0.8776526395
0.8776526395 0.0386925666
0.0386925666 0.4618024454
0.4618024454 0.9589059302
0.9589059302 0.7807288910
0.7807288910 0.9681874486
0.9681874486 0.9902512892
0.9902512892 0.8871559049
0.8871559049 0.5393027784
0.5393027784 0.8573552440
0.8573552440 0.9418028314
0.9418028314 0.8770512850
0.8770512850 0.0281919986
0.0281919986 0.9307128591
0.9307128591 0.9801083328
0.9801083328 0.1663397229
0.1663397229 0.0017058053
0.0017058053 0.9058446381
0.9058446381 0.9694054257
0.9694054257 0.4419107782
0.4419107782 0.1252456531
0.1252456531 0.7824346963
0.7824346963 0.8740320867
0.8740320867 0.9596567149
0.9596567149 0.3290666831
0.3290666831 0.6645484315
0.6645484315 0.6397899403
0.6397899403 0.8158349181
0.8158349181 0.8367079999
0.8367079999 0.3572586817
0.3572586817 0.5952612907
0.5952612907 0.6198982731
0.6198982731 0.9821746410
0.9821746410 0.8384138052
0.8384138052 0.2631033198
0.2631033198 0.5646667164
0.5646667164 0.0618090513
0.0618090513 0.1074202941
0.1074202941 0.6208485016
0.6208485016 0.1371354065
0.1371354065 0.5243234313
0.5243234313 0.3908757344
0.3908757344 0.7719687256
0.7719687256 0.2606384419
0.2606384419 0.9529703245
0.9529703245 0.3610314312
0.3610314312 0.7481344161
0.7481344161 0.3672300163
0.3672300163 0.8805367150
0.8805367150 0.9351449655
0.9351449655 0.1994452365
0.1994452365 0.0112377359
0.0112377359 0.9318967327
0.9318967327 0.9423457664
0.9423457664 0.0425652596
0.0425652596 0.8202937380
0.8202937380 0.1483731424
0.1483731424 0.4562201640
0.4562201640 0.3332215007
0.3332215007 0.8145339852
0.8145339852 0.0809321799
0.0809321799 0.1013434669
0.1013434669 0.8172515952
0.8172515952 0.0813559168
0.0813559168 0.1817640015
0.1817640015 0.9614688950
0.9614688950 0.0364884324
0.0364884324 0.0166968317
0.0166968317 0.0925936527
0.0925936527 0.1136607341
0.1136607341 0.9038146613
0.9038146613 0.0790536921
0.0790536921 0.8369905697
0.8369905697 0.2409667950
0.2409667950 0.5698808981
0.5698808981 0.2370361621
0.2370361621 0.8935876773
0.8935876773 0.9179227496
0.9179227496 0.3423102619
0.3423102619 0.3871324933
0.3871324933 0.3183920789
0.3183920789 0.0753516788
0.0753516788 0.8793916446
0.8793916446 0.3787986943
0.3787986943 0.4038293250
0.4038293250 0.4109857315
0.4109857315 0.1890124129
0.1890124129 0.7832063059
0.7832063059 0.4578523864
0.4578523864 0.2408198947
0.2408198947 0.6519525265
0.6519525265 0.7588933110
0.7588933110 0.0202424680
0.0202424680 0.3514400637
0.3514400637 0.1587426444
0.1587426444 0.9942627884
0.9942627884 0.1460258043
0.1460258043 0.3386345468
0.3386345468 0.4267917424
0.4267917424 0.0381342890
0.0381342890 0.3730614828
0.3730614828 0.5498551293
0.5498551293 0.7496202784
0.7496202784 0.6158041554
0.6158041554 0.8213405949
0.8213405949 0.8309138692
0.8309138692 0.7906750240
0.7906750240 0.4015728049
0.4015728049 0.3746974664
0.3746974664 0.8415830629
0.8415830629 0.1823539329
0.1823539329 0.9494176684
0.9494176684 0.3958355933
0.3958355933 0.5207232707
0.5207232707 0.1802176097
0.1802176097 0.6091456753
0.6091456753 0.9875519574
0.9875519574 0.7688970761
0.7688970761 0.0705784000
0.0705784000 0.9298378881
0.9298378881 0.2249498307
0.2249498307 0.8088925523
0.8088925523 0.5998109453
0.5998109453 0.8612534241
0.8612534241 0.3314106930
0.3314106930 0.5996472971
0.5996472971 0.6504756152
0.6504756152 0.7821648782
0.7821648782 0.8106710925
0.8106710925 0.7272462863
0.7272462863 0.1203705678
0.1203705678 0.8306932249
0.8306932249 0.3913105535
0.3913105535 0.7982230498
0.7982230498 0.4961433625
0.4961433625 0.1909489678
0.1909489678 0.7605311130
0.7605311130 0.6162603842
0.6162603842 0.6071156021
0.6071156021 0.0959543078
0.0959543078 0.0522023919
0.0522023919 0.0919418060
0.0919418060 0.2159076813
0.2159076813 0.2575912173
0.2575912173 0.8781191860
0.8781191860 0.8628734844
0.8628734844 0.8191880924
0.8191880924 0.3362782490
0.3362782490 0.0882844422
0.0882844422 0.2694297396
0.2694297396 0.6610965342
0.6610965342 0.3153314549
0.3153314549 0.5272272169
0.5272272169 0.8488155552
0.8488155552 0.8856901238
0.8856901238 0.2682121363
0.2682121363 0.4112857627
0.4112857627 0.5794296088
0.5794296088 0.9407573612
0.9407573612 0.1015978050
0.1015978050 0.5258033536
0.5258033536 0.2894049487
0.2894049487 0.4423030932
0.4423030932 0.7599454536
0.7599454536 0.4378760541
0.4378760541 0.6140877958
0.6140877958 0.5588346883
0.5588346883 0.1033996274
0.1033996274 0.0752769085
0.0752769085 0.9651032710
0.9651032710 0.4629033511
0.4629033511 0.4445248120
0.4445248120 0.3716117637
0.3716117637 0.4865626711
0.4865626711 0.5445328797
0.5445328797 0.4036607123
0.4036607123 0.5461226171
0.5461226171 0.8974151174
0.8974151174 0.7759676198
0.7759676198 0.9868359729
0.9868359729 0.1636061659
0.1636061659 0.9839986712
0.9839986712 0.5115029132
0.5115029132 0.3348023081
0.3348023081 0.0902356002
0.0902356002 0.2388830744
0.2388830744 0.9491019421
0.9491019421 0.9744062643
0.9744062643 0.7793271202
0.7793271202 0.4618473640
0.4618473640 0.7254457455
0.7254457455 0.4936348218
0.4936348218 0.3780669766
0.3780669766 0.3254497373
0.3254497373 0.3592624813
0.3592624813 0.5014133654
0.5014133654 0.4804707947
0.4804707947 0.5416731425
0.5416731425 0.3094484084
0.3094484084 0.8707653945
0.8707653945 0.8362156735
0.8362156735 0.5707063950
0.5707063950 0.7805562168
0.7805562168 0.2585503506
0.2585503506 0.8451716588
0.8451716588 0.6155427936
0.6155427936 0.0325537589
0.0325537589 0.5060019623
0.5060019623 0.7521851724
0.7521851724 0.2232386353
0.2232386353 0.9409925309
0.9409925309 0.3918162403
0.3918162403 0.0074153277
0.0074153277 0.2326559671
0.2326559671 0.7649117778
0.7649117778 0.2504409393
0.2504409393 0.2625816348
0.2625816348 0.8436310012
0.8436310012 0.8033623621
0.8033623621 0.5454679946
0.5454679946 0.5089912899
0.5089912899 0.1077532936
0.1077532936 0.4591737948
0.4591737948 0.8359161210
0.8359161210 0.0514699570
0.0514699570 0.2611764623
0.2611764623 0.3309919289
0.3309919289 0.4001663257
0.4001663257 0.2277323613
0.2277323613 0.0588852847
0.0588852847 0.4938324294
0.4938324294 0.0959037067
0.0959037067 0.6506072651
0.6506072651 0.4903139961
0.4903139961 0.9025162859
0.9025162859 0.2971947915
0.2971947915 0.6413717014
0.6413717014 0.1595985550
0.1595985550 0.5980672897
0.5980672897 0.3616900807
0.3616900807 0.1331109125
0.1331109125 0.6928416584
0.6928416584 0.4207750172
0.4207750172 0.9290592186
0.9290592186 0.7618564065
0.7618564065 0.3608432738
0.3608432738 0.7517269431
0.7517269431 0.9146074466
0.9146074466 0.0249629254
0.0249629254 0.4124636715
0.4124636715 0.8511572699
0.8511572699 0.6542432290
0.6542432290 0.2118022381
0.2118022381 0.6663346267
0.6663346267 0.5720622265
0.5720622265 0.4492245596
0.4492245596 0.0159333097
0.0159333097 0.3449131506
0.3449131506 0.3591762851
0.3591762851 0.9928372437
0.9928372437 0.3782837782
0.3782837782 0.7777897161
0.7777897161 0.7057564245
0.7057564245 0.1109032282
0.1109032282 0.9074446904
0.9074446904 0.4032467036
0.4032467036 0.1902533877
0.1902533877 0.5569136944
0.5569136944 0.7651464571
0.7651464571 0.1192469285
0.1192469285 0.0695813303
0.0695813303 0.7623156141
0.7623156141 0.0061382540
0.0061382540 0.7810797668
0.7810797668 0.4641600791
0.4641600791 0.4287576154
0.4287576154 0.7551528579
0.7551528579 0.3844220322
0.3844220322 0.5588694829
0.5588694829 0.1699165036
0.1699165036 0.5396608436
0.5396608436 0.6625975482
0.6625975482 0.7876687357
0.7876687357 0.7491228706
0.7491228706 0.7268301980
0.7268301980 0.3048073007
0.3048073007 0.7818444767
0.7818444767 0.8572500660
0.8572500660 0.5114384848
0.5114384848 0.7329684519
0.7329684519 0.0858870675
0.0858870675 0.2460045558
0.2460045558 0.2860076814
0.2860076814 0.2665913426
0.2665913426 0.1173904841
0.1173904841 0.6447565504
0.6447565504 0.4159210594
0.4159210594 0.8256685250
0.8256685250 0.9291888908
0.9291888908 0.9050592198
0.9050592198 0.3938794211
0.3938794211 0.1427512574
0.1427512574 0.1304758256
0.1304758256 0.7110333676
0.7110333676 0.7623092858
0.7623092858 0.9053179058
0.9053179058 0.8757197093
0.8757197093 0.2163628931
0.2163628931 0.9570379234
0.9570379234 0.0483169672
0.0483169672 0.1719092485
0.1719092485 0.9931101934
0.9931101934 0.8611194436
0.8611194436 0.3729589828
0.3729589828 0.8739854922
0.8739854922 0.1010981393
0.1010981393 0.8981694132
0.8981694132 0.2549988646
0.2549988646 0.5157102402
0.5157102402 0.0044613178
0.0044613178 0.8121315069
0.8121315069 0.6604786990
0.6604786990 0.1603167704
0.1603167704 0.3914299496
0.3914299496 0.2208242109
0.2208242109 0.7691694302
0.7691694302 0.7087956662
0.7087956662 0.3322260189
0.3322260189 0.3845401430
0.3845401430 0.0819436545
0.0819436545 0.1421284131
0.1421284131 0.5827811584
0.5827811584 0.4333241582
0.4333241582 0.2827095562
0.2827095562 0.3369425191
0.3369425191 0.6578386533
0.6578386533 0.5872424762
0.5872424762 0.2454556650
0.2454556650 0.9431882552
0.9431882552 0.4972592895
0.4972592895 0.0492686029
0.0492686029 0.8080666871
0.8080666871 0.0146250953
0.0146250953 0.6519839214
0.6519839214 0.8294853084
0.8294853084 0.4338087458
0.4338087458 0.8900103415
0.8900103415 0.1567535084
0.1567535084 0.2347650798
0.2347650798 0.2628094666
0.2628094666 0.7165183020
0.7165183020 0.2269528606
0.2269528606 0.8145921617
0.8145921617 0.8220075560
0.8220075560 0.5082651316
0.5082651316 0.6597065572
0.6597065572 0.7242121501
0.7242121501 0.8638607645
0.8638607645 0.6300742431
0.6300742431 0.5228902269
0.5228902269 0.3116904786
0.3116904786 0.5536974585
0.5536974585 0.2976695104
0.2976695104 0.5200845846
0.5200845846 0.6796437353
0.6796437353 0.5464555584
0.5464555584 0.8165069250
0.8165069250 0.0141878123
0.0141878123 0.7470374452
0.7470374452 0.4942358970
0.4942358970 0.3684631144
0.3684631144 0.3247720567
0.3247720567 0.6738943695
0.6738943695 0.4712495953
0.4712495953 0.3580966615
0.3580966615 0.9985373574
0.9985373574 0.8476622836
0.8476622836 0.9855848481
0.9855848481 0.0249470538
0.0249470538 0.6557661719
0.6557661719 0.5186219420
0.5186219420 0.5273060189
0.5273060189 0.5320404065
0.5320404065 0.8414539788
0.8414539788 0.6699539842
0.6699539842 0.2656593872
0.2656593872 0.0215419158
0.0215419158 0.9005035209
0.9005035209 0.1662260354
0.1662260354 0.3438483537
0.3438483537 0.7369089825
0.7369089825 0.3796385773
0.3796385773 0.8990408783
0.8990408783 0.0138883190
0.0138883190 0.3294332018
0.3294332018 0.7618560363
0.7618560363 0.0354047492
0.0354047492 0.4176628203
0.4176628203 0.5411943379
0.5411943379 0.8614736083
0.8614736083 0.6033100151
0.6033100151 0.7053587334
0.7053587334 0.6833222075
0.6833222075 0.5627362537
0.5627362537 0.7619771292
0.7619771292 0.7695360505
0.7695360505 0.0492070871
0.0492070871 0.4202311900
0.4202311900 0.9423748311
0.9423748311 0.6610180074
0.6610180074 0.7834243695
0.7834243695 0.3786402890
0.3786402890 0.1820872263
0.1820872263 0.9777795803
0.9777795803 0.0786808277
0.0786808277 0.3246187074
0.3246187074 0.2401138972
0.2401138972 0.7853972414
0.7853972414 0.6831383137
0.6831383137 0.7620030353
0.7620030353 0.8873549611
0.8873549611 0.0020910264
0.0020910264 0.5549332919
0.5549332919 0.7323454008
0.7323454008 0.1822342253
0.1822342253 0.8297297922
0.8297297922 0.6631090338
0.6631090338 0.3383576614
0.3383576614 0.1109856898
0.1109856898 0.3643214516
0.3643214516 0.8075093725
0.8075093725 0.7417898616
0.7417898616 0.6629763688
0.6629763688 0.3510995870
0.3510995870 0.1497186930
0.1497186930 0.4906476862
0.4906476862 0.5037928969
0.5037928969 0.5503313299
0.5503313299 0.3531906134
0.3531906134 0.7046519849
0.7046519849 0.2229930870
0.2229930870 0.6860271222
0.6860271222 0.3800611221
0.3800611221 0.0162996473
0.0162996473 0.0430096462
0.0430096462 0.3339787768
0.3339787768 0.0503485738
0.0503485738 0.1875704946
0.1875704946 0.7580895089
0.7580895089 0.7059860150
0.7059860150 0.6850783639
0.6850783639 0.2000672668
0.2000672668 0.6782181808
0.6782181808 0.2618824057
0.2618824057 0.2563173450
0.2563173450 0.0382689773
0.0382689773 0.9047192517
0.9047192517 0.9012112678
0.9012112678 0.9479095279
0.9479095279 0.6363784671
0.6363784671 0.0545686246
0.0545686246 0.9477288979
0.9477288979 0.2351900446
0.2351900446 0.9982581018
0.9982581018 0.8239489617
0.8239489617 0.8126581335
0.8126581335 0.6537149129
0.6537149129 0.9202684085
0.9202684085 0.1983253686
0.1983253686 0.5021671425
0.5021671425 0.0745405392
0.0745405392 0.9100322579
0.9100322579 0.9585373858
0.9585373858 0.1030446202
0.1030446202 0.4033784103
0.4033784103 0.0224500671
0.0224500671 0.5464107250
0.5464107250 0.0131060104
0.0131060104 0.0507735182
0.0507735182 0.6385684549
0.6385684549 0.0207081689
0.0207081689 0.3703596867
0.3703596867 0.8257641438
0.8257641438 0.7044884311
0.7044884311 0.5588368634
0.5588368634 0.2190335374
0.2190335374 0.8725268291
0.8725268291 0.9003046830
0.9003046830 0.6145206890
0.6145206890 0.5173742492
0.5173742492 0.3220781577
0.3220781577 0.2759052394
0.2759052394 0.9227547501
0.9227547501 0.1609314140
0.1609314140 0.5304802596
0.5304802596 0.3728516758
0.3728516758 0.9144736943
0.9144736943 0.9434629190
0.9434629190 0.5312911007
0.5312911007 0.3562444034
0.3562444034 0.0773401069
0.0773401069 0.4733105577
0.4733105577 0.1624964564
0.1624964564 0.4038179298
0.4038179298 0.2565490864
0.2565490864 0.6918607960
0.6918607960 0.9906848068
0.9906848068 0.4845746141
0.4845746141 0.6797231692
0.6797231692 0.1793038365
0.1793038365 0.8527922099
0.8527922099 0.5211650664
0.5211650664 0.8574262899
0.8574262899 0.5941968635
0.5941968635 0.1227667555
0.1227667555 0.3840833106
0.3840833106 0.8774094698
0.8774094698 0.9347663969
0.9347663969 0.0675074211
0.0675074211 0.2852632119
0.2852632119 0.7879012404
0.7879012404 0.1339585562
0.1339585562 0.6266271928
0.6266271928 0.0581922280
0.0581922280 0.7698378260
0.7698378260 0.4676244096
0.4676244096 0.3132623928
0.3132623928 0.4794194028
0.4794194028 0.5793572944
0.5793572944 0.6272641160
0.6272641160 0.0618212731
0.0618212731 0.4360291483
0.4360291483 0.8635027134
0.8635027134 0.4567667642
0.4567667642 0.5620305128
0.5620305128 0.1293286942
0.1293286942 0.7212923602
0.7212923602 0.6514039538
0.6514039538 0.5907253204
0.5907253204 0.1886577057
0.1886577057 0.1875209222
0.1875209222 0.4911301862
0.4911301862 0.1190283634
0.1190283634 0.9039877132
0.9039877132 0.6680771085
0.6680771085 0.7668782165
0.7668782165 0.1183943022
0.1183943022 0.1808496364
0.1808496364 0.3400168614
0.3400168614 0.5315798218
0.5315798218 0.2236449807
0.2236449807 0.6804248150
0.6804248150 0.3101783306
0.3101783306 0.0613092217
0.0613092217 0.1829837756
0.1829837756 0.8143703011
0.8143703011 0.8690825207
0.8690825207 0.4976992528
0.4976992528 0.5524394079
0.5524394079 0.3020121390
0.3020121390 0.7183580142
0.7183580142 0.5371596292
0.5371596292 0.2645774693
0.2645774693 0.6708337101
0.6708337101 0.4828617754
0.4828617754 0.0583748757
0.0583748757 0.0687394510
0.0687394510 0.4882224500
0.4882224500 0.3512585252
0.3512585252 0.7930401061
0.7930401061 0.1196840974
0.1196840974 0.2517232266
0.2517232266 0.3025927511
0.3025927511 0.2203410459
0.2203410459 0.2907393589
0.2907393589 0.6721235053
0.6721235053 0.5537353656
0.5537353656 0.0209507653
0.0209507653 0.7575006750
0.7575006750 0.5553168282
0.5553168282 0.3429572154
0.3429572154 0.0365971411
0.0365971411 0.0793256410
0.0793256410 0.8262401260
0.8262401260 0.0435392782
0.0435392782 0.6942157405
0.6942157405 0.8296372471
0.8296372471 0.1990097384
0.1990097384 0.0779633527
0.0779633527 0.3461320293
0.3461320293 0.9145567864
0.9145567864 0.1203766060
0.1203766060 0.8711332437
0.8711332437 0.6316987183
0.6316987183 0.3670827947
0.3670827947 0.6720574615
0.6720574615 0.6756934342
0.6756934342 0.2140904590
0.2140904590 0.6682958594
0.6682958594 0.4464084357
0.4464084357 0.4982975875
0.4982975875 0.7192327124
0.7192327124 0.9083061996
0.9083061996 0.4979331065
0.4979331065 0.6454181741
0.6454181741 0.5762609402
0.5762609402 0.0653647417
0.0653647417 0.8228629860
0.8228629860 0.6183097125
0.6183097125 0.5165514178
0.5165514178 0.2079596585
0.2079596585 0.4324475364
0.4324475364 0.4949204475
0.4949204475 0.2940031467
0.2940031467 0.7306418768
0.7306418768 0.8762555178
0.8762555178 0.8788559721
0.8788559721 0.9932180350
0.9932180350 0.0132358591
0.0132358591 0.6389480764
0.6389480764 0.3741886243
0.3741886243 0.5242741462
0.5242741462 0.5694789751
0.5694789751 0.0786006008
0.0786006008 0.4618110624
0.4618110624 0.9924983368
0.9924983368 0.0408255639
0.0408255639 0.7774386336
0.7774386336 0.5110481372
0.5110481372 0.9567315099
0.9567315099 0.2865014835
0.2865014835 0.7714674408
0.7714674408 0.6536941514
0.6536941514 0.3899041093
0.3899041093 0.9499495449
0.9499495449 0.2997373426
0.2997373426 0.4104155172
0.4104155172 0.0278827758
0.0278827758 0.9141782555
0.9141782555 0.5194285200
0.5194285200 0.3783379435
0.3783379435 0.8722265796
0.8722265796 0.0203811126
0.0203811126 0.9550038194
0.9550038194 0.2968671536
0.2968671536 0.8893860807
0.8893860807 0.8289580895
0.8289580895 0.3068825961
0.3068825961 0.7264712602
0.7264712602 0.9505613050
0.9505613050 0.2792901900
0.2792901900 0.7789076343
0.7789076343 0.6066199387
0.6066199387 0.1368867774
0.1368867774 0.9784440808
0.9784440808 0.1934684454
0.1934684454 0.2983361543
0.2983361543 0.9849578822
0.9849578822 0.0091133569
0.0091133569 0.9988251934
0.9988251934 0.1484722649
0.1484722649 0.5952033079
0.5952033079 0.8743439629
0.8743439629 0.8380714464
0.8380714464 0.3057077895
0.3057077895 0.8749435251
0.8749435251 0.5457646130
0.5457646130 0.1536341528
0.1536341528 0.6169790807
0.6169790807 0.9123277282
0.9123277282 0.0118303024
0.0118303024 0.5242086938
0.5242086938 0.3471025983
0.3471025983 0.9153152350
0.9153152350 0.8972856104
0.8972856104 0.0209436594
0.0209436594 0.5230338871
0.5230338871 0.4955748632
0.4955748632 0.5105185430
0.5105185430 0.7716295733
0.7716295733 0.8590151058
0.8590151058 0.8287416766
0.8287416766 0.3705183882
0.3705183882 0.0562831559
0.0562831559 0.9252637262
0.9252637262 0.4759941865
0.4759941865 0.7410694049
0.7410694049 0.3823486906
0.3823486906 0.5804918497
0.5804918497 0.2723663244
0.2723663244 0.3913094215
0.3913094215 0.6383550153
0.6383550153 0.4032923500
0.4032923500 0.1035257368
0.1035257368 0.7679411876
0.7679411876 0.9018279645
0.9018279645 0.4099845886
0.4099845886 0.2623074558
0.2623074558 0.9322674135
0.9322674135 0.1384595758
0.1384595758 0.9581111204
0.9581111204 0.3352483148
0.3352483148 0.7383016422
0.7383016422 0.6733368183
0.6733368183 0.5208082665
0.5208082665 0.5386029701
0.5386029701 0.6076146392
0.6076146392 0.1296110637
0.1296110637 0.3116918337
0.3116918337 0.9241006165
0.9241006165 0.6421287069
0.6421287069 0.3755558268
0.3755558268 0.0314390282
0.0314390282 0.7216764223
0.7216764223 0.1864080722
0.1864080722 0.5743961204
0.5743961204 0.5140154026
0.5140154026 0.9895501486
0.9895501486 0.0569247371
0.0569247371 0.9247097145
0.9247097145 0.2477329387
0.2477329387 0.0348236691
0.0348236691 0.5281531187
0.5281531187 0.6645393763
0.6645393763 0.0543207782
0.0543207782 0.5594247724
0.5594247724 0.9589242856
0.9589242856 0.1702818256
0.1702818256 0.0400952031
0.0400952031 0.0857598064
0.0857598064 0.2811011947
0.2811011947 0.1453323578
0.1453323578 0.7446779460
0.7446779460 0.5541106057
0.5541106057 0.0753099550
0.0753099550 0.3380259317
0.3380259317 0.0700420723
0.0700420723 0.9924108847
0.9924108847 0.5889342749
0.5889342749 0.6034630737
0.6034630737 0.0025653080
0.0025653080 0.1243628506
0.1243628506 0.5518356571
0.5518356571 0.5478585605
0.5478585605 0.7737448993
0.7737448993 0.0426605111
0.0426605111 0.2101226570
0.2101226570 0.8329368518
0.8329368518 0.6931909183
0.6931909183 0.5184228453
0.5184228453 0.5967711168
0.5967711168 0.2854326121
0.2854326121 0.1709627835
0.1709627835 0.7632329906
0.7632329906 0.5108337300
0.5108337300 0.1857053917
0.1857053917 0.8888956858
0.8888956858 0.1735280915
0.1735280915 0.8875958412
0.8875958412 0.0626693871
0.0626693871 0.7335639521
0.7335639521 0.6626405851
0.6626405851 0.2161886026
0.2161886026 0.0977184982
0.0977184982 0.8956062389
0.8956062389 0.4267548705
0.4267548705 0.1810634304
0.1810634304 0.8129597194
0.8129597194 0.3831511103
0.3831511103 0.0665690224
0.0665690224 0.1899878611
0.1899878611 0.6918971604
0.6918971604 0.9986651111
0.9986651111 0.2720467960
0.2720467960 0.2400971139
0.2400971139 0.0775837023
0.0775837023 0.7545665475
0.7545665475 0.7322290633
0.7322290633 0.9346873811
0.9346873811 0.4562857165
0.4562857165 0.1753022005
0.1753022005 0.6501727863
0.6501727863 0.1589839337
0.1589839337 0.1157508115
0.1157508115 0.2692454359
0.2692454359 0.5584533107
0.5584533107 0.7167418087
0.7167418087 0.3489717948
0.3489717948 0.8076479719
0.8076479719 0.2679105471
0.2679105471 0.8305001068
0.8305001068 0.9568389226
0.9568389226 0.4265554971
0.4265554971 0.5622145194
0.5622145194 0.0001396104
0.0001396104 0.7651874879
0.7651874879 0.4131246391
0.4131246391 0.6018576976
0.6018576976 0.2123873057
0.2123873057 0.1591235441
0.1591235441 0.8809382995
0.8809382995 0.6823700750
0.6823700750 0.1603110083
0.1603110083 0.9291291144
0.9291291144 0.5080953389
0.5080953389 0.6885862714
0.6885862714 0.9502806221
0.9502806221 0.9908111151
0.9908111151 0.8859680369
0.8859680369 0.9346508360
0.9346508360 0.2508007907
0.2508007907 0.9504202325
0.9504202325 0.7559986031
0.7559986031 0.2990926760
0.2990926760 0.5365085336
0.5365085336 0.4631880964
0.4631880964 0.1095437766
0.1095437766 0.6369369025
0.6369369025 0.9814627510
0.9814627510 0.6968195420
0.6968195420 0.3923172108
0.3923172108 0.6176391155
0.6176391155 0.3255231739
0.3255231739 0.9317433732
0.9317433732 0.6876306571
0.6876306571 0.2782852477
0.2782852477 0.5522899516
0.5522899516 0.5763239646
0.5763239646 0.8821636057
0.8821636057 0.4436292602
0.4436292602 0.5773779238
0.5773779238 0.0887984852
0.0887984852 0.0395120610
0.0395120610 0.9917073823
0.9917073823 0.0805661627
0.0805661627 0.5588406748
0.5588406748 0.7856180272
0.7856180272 0.4318292718
0.4318292718 0.6093464978
0.6093464978 0.4060893366
0.4060893366 0.4905840480
0.4905840480 0.4732486843
0.4732486843 0.7101145196
0.7101145196 0.1616364494
0.1616364494 0.9824133012
0.9824133012 0.3727476536
0.3727476536 0.9168779445
0.9168779445 0.2874924433
0.2874924433 0.2504349346
0.2504349346 0.0219253623
0.0219253623 0.3644550359
0.3644550359 0.9974441072
0.9974441072 0.8463331182
0.8463331182 0.0360529618
0.0360529618 0.4537546341
0.4537546341 0.9738015337
0.9738015337 0.4035334438
0.4035334438 0.3369171661
0.3369171661 0.5093016461
0.5093016461 0.1638691537
0.1638691537 0.1354379831
0.1354379831 0.3859467451
0.3859467451 0.7096648198
0.7096648198 0.4261795906
0.4261795906 0.4513615970
0.4513615970 0.3858729177
0.3858729177 0.4078721073
0.4078721073 0.0741198556
0.0741198556 0.4236236978
0.4236236978 0.2976947152
0.2976947152 0.4219258795
0.4219258795 0.8616267415
0.8616267415 0.0479213893
0.0479213893 0.8271571416
0.8271571416 0.6346118813
0.6346118813 0.9312275257
0.9312275257 0.0254958952
0.0254958952 0.1833593724
0.1833593724 0.2131038867
0.2131038867 0.3442767011
0.3442767011 0.3574071163
0.3574071163 0.4768574922
0.4768574922 0.5692322901
0.5692322901 0.6209759940
0.6209759940 0.4183965567
0.4183965567 0.7810308142
0.7810308142 0.7745522074
0.7745522074 0.9911581697
0.9911581697 0.4826027355
0.4826027355 0.4663179461
0.4663179461 0.6081879558
0.6081879558 0.4091640888
0.4091640888 0.9223856954
0.9223856954 0.5080986307
0.5080986307 0.6496773185
0.6496773185 0.8212918425
0.8212918425 0.7534407899
0.7534407899 0.2797928117
0.2797928117 0.9849561229
0.9849561229 0.2189096087
0.2189096087 0.4422678365
0.4422678365 0.1718373466
0.1718373466 0.0608236259
0.0608236259 0.7595083304
0.7595083304 0.2100677784
0.2100677784 0.9248705721
0.9248705721 0.6381552927
0.6381552927 0.6690115817
0.6690115817 0.1686724192
0.1686724192 0.1324534738
0.1324534738 0.4329692028
0.4329692028 0.2878326112
0.2878326112 0.4903034242
0.4903034242 0.9221132090
0.9221132090 0.4122462855
0.4122462855 0.4179253257
0.4179253257 0.5067422199
0.5067422199 0.9325712607
0.9325712607 0.0939505557
0.0939505557 0.4730699114
0.4730699114 0.1774336561
0.1774336561 0.7168099983
0.7168099983 0.8574418328
0.8574418328 0.7321058484
0.7321058484 0.1420814930
0.1420814930 0.3461060752
0.3461060752 0.8492634720
0.8492634720 0.2904110355
0.2904110355 0.0199384596
0.0199384596 0.6323849172
0.6323849172 0.2682192842
0.2682192842 0.2615097575
0.2615097575 0.7083363612
0.7083363612 0.5266806795
0.5266806795 0.5649561780
0.5649561780 0.3621698399
0.3621698399 0.7345796688
0.7345796688 0.8857700173
0.8857700173 0.2434906778
0.2434906778 0.4223980107
0.4223980107 0.0942756883
0.0942756883 0.8766611619
0.8766611619 0.2318760925
0.2318760925 0.0927541498
0.0927541498 0.7128090463
0.7128090463 0.1142141479
0.1142141479 0.5090460791
0.5090460791 0.5000953767
0.5000953767 0.3542639073
0.3542639073 0.4211454075
0.4211454075 0.6408948274
0.6408948274 0.0740022571
0.0740022571 0.8622652167
0.8622652167 0.0888435761