0.0000000005 0.0000078264
0.0000078264 0.1315377881
0.1315377881 0.7556053222
0.7556053222 0.4586501319
0.4586501319 0.5327672374
0.5327672374 0.2189591863
0.2189591863 0.0470446162
0.0470446162 0.6788647169
0.6788647169 0.6792964058
0.6792964058 0.9346928959
0.9346928959 0.3835020775
0.3835020775 0.5194163721
0.5194163721 0.8309653461
0.8309653461 0.0345721105
0.0345721105 0.0534616350
0.0534616350 0.5297001933
0.5297001933 0.6711493841
0.6711493841 0.0076981862
0.0076981862 0.3834156508
0.3834156508 0.0668422375
0.0668422375 0.4174859745
0.4174859745 0.6867727124
0.6867727124 0.5889766429
0.5889766429 0.9304364947
0.9304364947 0.8461668905
0.8461668905 0.5269287776
0.5269287776 0.0919648908
0.0919648908 0.6539189623
0.6539189623 0.4159993569
0.4159993569 0.7011905944
0.7011905944 0.9103208305
0.9103208305 0.7621980397
0.7621980397 0.2624529937
0.2624529937 0.0474645137
0.0474645137 0.7360818846
0.7360818846 0.3282342261
0.3282342261 0.6326385679
0.6326385679 0.7564104860
0.7564104860 0.9910373855
0.9910373855 0.3653386707
0.3653386707 0.2470388856
0.2470388856 0.9825502862
0.9825502862 0.7226604008
0.7226604008 0.7533558350
0.7533558350 0.6515185748
0.6515185748 0.0726858829
0.0726858829 0.6316347181
0.6316347181 0.8847071286
0.8847071286 0.2727099668
0.2727099668 0.4364114057
0.4364114057 0.7664947779
0.7664947779 0.4777317650
0.4777317650 0.2377744337
0.2377744337 0.2749068403
0.2749068403 0.3592649793
0.3592649793 0.1665072004
0.1665072004 0.4865173830
0.4865173830 0.8976562866
0.8976562866 0.9092081016
0.9092081016 0.0605643275
0.0605643275 0.9046530923
0.9046530923 0.5045228947
0.5045228947 0.5162919636
0.5162919636 0.3190329412
0.3190329412 0.9866421120
0.9866421120 0.4939766850
0.4939766850 0.2661445072
0.2661445072 0.0907328949
0.0907328949 0.9477642500
0.9477642500 0.0737490752
0.0737490752 0.5007070948
0.5007070948 0.3841421480
0.3841421480 0.2770818003
0.2770818003 0.9138174420
0.9138174420 0.5297473937
0.5297473937 0.4644458250
0.4644458250 0.9409799538
0.9409799538 0.0500839837
0.0500839837 0.7615142622
0.7615142622 0.7702045468
0.7702045468 0.8278173003
0.8278173003 0.1253653756
0.1253653756 0.0158677013
0.0158677013 0.6884553012
0.6884553012 0.8682471318
0.8682471318 0.6295434179
0.6295434179 0.7362245143
0.7362245143 0.7254119984
0.7254119984 0.9994578790
0.9994578790 0.8885722137
0.8885722137 0.2331948784
0.2331948784 0.3063218311
0.3063218311 0.3510152480
0.3510152480 0.5132737022
0.5132737022 0.5911135825
0.5911135825 0.8459815601
0.8459815601 0.4120807706
0.4120807706 0.8415106395
0.8415106395 0.2693172722
0.2693172722 0.4153946156
0.4153946156 0.5373039756
0.5373039756 0.4679173685
0.4679173685 0.2872123715
0.2872123715 0.1783277039
0.1783277039 0.1537199771
0.1537199771 0.5716548108
0.5716548108 0.8024057270
0.8024057270 0.0330537544
0.0330537544 0.5344498411
0.5344498411 0.4984801190
0.4984801190 0.9553607600
0.9553607600 0.7482926509
0.7482926509 0.5545838482
0.5545838482 0.8907374814
0.8907374814 0.6248492913
0.6248492913 0.8420396125
0.8420396125 0.1597675226
0.1597675226 0.2127515148
0.2127515148 0.7147099677
0.7147099677 0.1304272619
0.1304272619 0.0909903367
0.0909903367 0.2745881478
0.2745881478 0.0029996010
0.0029996010 0.4142932633
0.4142932633 0.0268762908
0.0268762908 0.7098195929
0.7098195929 0.9378972994
0.9378972994 0.2399108048
0.2399108048 0.1808959088
0.1808959088 0.3175395365
0.3175395365 0.8869906621
0.8869906621 0.6520586860
0.6520586860 0.1503350596
0.1503350596 0.6813462138
0.6813462138 0.3858147037
0.3858147037 0.3877253371
0.3877253371 0.4997410325
0.4997410325 0.1475330033
0.1475330033 0.5871866232
0.5871866232 0.8455756595
0.8455756595 0.5901086100
0.5901086100 0.9554088264
0.9554088264 0.5561461386
0.5561461386 0.1481515622
0.1481515622 0.9833050971
0.9833050971 0.4087666936
0.4087666936 0.1418197714
0.1418197714 0.5648986807
0.5648986807 0.2521264065
0.2521264065 0.4885145493
0.4885145493 0.4640305287
0.4640305287 0.9610951408
0.9610951408 0.1260308060
0.1260308060 0.1997571994
0.1997571994 0.3192496739
0.3192496739 0.6292691564
0.6292691564 0.1267121588
0.1267121588 0.6512537415
0.6512537415 0.6216340259
0.6216340259 0.8030729959
0.8030729959 0.2478417583
0.2478417583 0.4764318031
0.4764318031 0.3893141697
0.3893141697 0.2032503347
0.2032503347 0.0283751814
0.0283751814 0.9016734990
0.9016734990 0.4264974130
0.4264974130 0.1420210321
0.1420210321 0.9474867801
0.9474867801 0.4103130356
0.4103130356 0.1311885315
0.1311885315 0.8856483711
0.8856483711 0.0921736299
0.0921736299 0.1621985520
0.1621985520 0.0710635651
0.0710635651 0.3653390288
0.3653390288 0.2530573636
0.2530573636 0.1351093683
0.1351093683 0.7831531688
0.7831531688 0.4553072841
0.4553072841 0.3495241447
0.3495241447 0.4523001693
0.4523001693 0.8089445870
0.8089445870 0.9316744003
0.9316744003 0.6516460551
0.6516460551 0.2152483841
0.2152483841 0.6795923676
0.6795923676 0.9089218853
0.9089218853 0.2501255941
0.2501255941 0.8608598359
0.8608598359 0.4712623285
0.4712623285 0.5059558752
0.5059558752 0.6003937384
0.6003937384 0.8175614829
0.8175614829 0.7558435322
0.7558435322 0.4622449793
0.4622449793 0.9513674504
0.9513674504 0.6327387000
0.6327387000 0.4393303205
0.4393303205 0.8246973869
0.8246973869 0.6889809131
0.6889809131 0.7022066487
0.7022066487 0.9871454998
0.9871454998 0.9544149027
0.9544149027 0.8512696684
0.8512696684 0.2893162031
0.2893162031 0.5374257413
0.5374257413 0.5144346661
0.5144346661 0.1034339280
0.1034339280 0.4140284832
0.4140284832 0.5767166398
0.5767166398 0.8765657190
0.8765657190 0.4400386593
0.4400386593 0.7297476804
0.7297476804 0.8692637379
0.8692637379 0.7156423348
0.7156423348 0.8007203270
0.8007203270 0.7065354743
0.7065354743 0.7417158977
0.7417158977 0.0190924038
0.0190924038 0.8860311172
0.8860311172 0.5249874054
0.5249874054 0.4633227342
0.4633227342 0.0651938729
0.0651938729 0.7134223206
0.7134223206 0.4889431593
0.4889431593 0.6676790652
0.6676790652 0.6820491197
0.6820491197 0.1995547471
0.1995547471 0.9166338956
0.9166338956 0.8658826690
0.8658826690 0.8900186796
0.8900186796 0.5439483070
0.5439483070 0.1391949990
0.1391949990 0.4503474363
0.4503474363 0.9893624997
0.9893624997 0.2155319821
0.2155319821 0.4460234267
0.4460234267 0.3157324127
0.3157324127 0.5146594576
0.5146594576 0.8815041189
0.8815041189 0.4397255627
0.4397255627 0.4675317814
0.4675317814 0.8066499172
0.8066499172 0.3651580603
0.3651580603 0.2115189574
0.2115189574 0.9991166540
0.9991166540 0.1536044796
0.1536044796 0.6304882698
0.6304882698 0.6163503656
0.6163503656 0.0005950425
0.0005950425 0.0008789999
0.0008789999 0.7733520161
0.7733520161 0.7273349900
0.7273349900 0.3191775881
0.3191775881 0.4177237160
0.4177237160 0.6824942323
0.6824942323 0.6805619838
0.6805619838 0.2052618802
0.2052618802 0.8364198798
0.8364198798 0.7089206109
0.7089206109 0.8287079520
0.8287079520 0.0945488033
0.0945488033 0.0817376096
0.0817376096 0.7640048534
0.7640048534 0.6295718363
0.6295718363 0.2138521775
0.2138521775 0.2135467996
0.2135467996 0.0810607975
0.0810607975 0.3888232379
0.3888232379 0.9521596683
0.9521596683 0.9475450618
0.9475450618 0.3898535857
0.3898535857 0.2692147420
0.2692147420 0.6921689793
0.6921689793 0.2840350369
0.2840350369 0.7768658217
0.7768658217 0.7838652026
0.7838652026 0.4224598177
0.4224598177 0.2821558855
0.2821558855 0.1939674729
0.1939674729 0.0113162268
0.0113162268 0.1918238374
0.1918238374 0.9832357978
0.9832357978 0.2440542468
0.2440542468 0.8197260936
0.8197260936 0.1364549380
0.1364549380 0.3981436907
0.3981436907 0.6010101077
0.6010101077 0.1768803686
0.1768803686 0.8283547172
0.8283547172 0.1577311797
0.1577311797 0.9879370006
0.9879370006 0.2571686559
0.2571686559 0.2335991930
0.2335991930 0.1016373779
0.1016373779 0.2194106454
0.2194106454 0.6347174396
0.6347174396 0.6960073047
0.6960073047 0.7947698127
0.7947698127 0.6962428119
0.6962428119 0.7529404130
0.7529404130 0.6695206420
0.6695206420 0.6334299066
0.6334299066 0.0564406626
0.0564406626 0.5982166364
0.5982166364 0.2270077217
0.2270077217 0.3187778803
0.3187778803 0.6998344402
0.6998344402 0.1174369352
0.1174369352 0.7625707219
0.7625707219 0.5261232767
0.5261232767 0.5539113458
0.5539113458 0.5879889133
0.5879889133 0.3296663884
0.3296663884 0.7029894119
0.7029894119 0.1430452602
0.1430452602 0.1616877090
0.1616877090 0.4853251756
0.4853251756 0.8602256956
0.8602256956 0.8132657128
0.8132657128 0.5568357825
0.5568357825 0.7389966090
0.7389966090 0.3160073381
0.3160073381 0.1353322156
0.1353322156 0.5285482679
0.5285482679 0.3107388659
0.3107388659 0.5881191220
0.5881191220 0.5180835871
0.5180835871 0.4308477922
0.4308477922 0.2588427576
0.2588427576 0.3702262758
0.3702262758 0.3930176037
0.3930176037 0.4468659425
0.4468659425 0.4758962237
0.4758962237 0.3878312187
0.3878312187 0.2792930483
0.2792930483 0.0782632083
0.0782632083 0.3697420076
0.3697420076 0.2539222814
0.2539222814 0.6717841517
0.6717841517 0.6762369213
0.6762369213 0.5139363722
0.5139363722 0.7286083636
0.7286083636 0.7207678201
0.7207678201 0.9447528231
0.9447528231 0.4606973382
0.4606973382 0.9401631201
0.9401631201 0.3215600901
0.3215600901 0.4604341730
0.4604341730 0.5171453178
0.5171453178 0.6613554967
0.6613554967 0.4018329053
0.4018329053 0.6056397039
0.6056397039 0.9865026711
0.9865026711 0.1503938894
0.1503938894 0.6700984005
0.6700984005 0.3438175588
0.3438175588 0.5417101688
0.5417101688 0.5228077134
0.5228077134 0.8292387071
0.8292387071 0.0149505688
0.0149505688 0.2742097328
0.2742097328 0.6429788860
0.6429788860 0.5461366007
0.5461366007 0.9178477190
0.9178477190 0.2666133210
0.2666133210 0.9700866742
0.9700866742 0.2467331454
0.2467331454 0.8439753688
0.8439753688 0.6940236658
0.6940236658 0.4557515976
0.4557515976 0.8171013318
0.8171013318 0.0220837002
0.0220837002 0.1607489112
0.1607489112 0.7069499510
0.7069499510 0.7078263009
0.7078263009 0.4366384495
0.4366384495 0.5824211168
0.5824211168 0.7517100930
0.7517100930 0.9915330326
0.9915330326 0.6956791522
0.6956791522 0.2795117429
0.2795117429 0.7538627464
0.7538627464 0.1711789287
0.1711789287 0.0042539234
0.0042539234 0.4956910762
0.4956910762 0.0799168847
0.0799168847 0.1630810556
0.1630810556 0.9033011836
0.9033011836 0.7829920080
0.7829920080 0.7466791471
0.7466791471 0.4364256763
0.4364256763 0.0063416902
0.0063416902 0.5847872005
0.5847872005 0.5184784227
0.5184784227 0.0668497663
0.0668497663 0.5440227126
0.5440227126 0.3897314111
0.3897314111 0.2158258922
0.2158258922 0.3857694331
0.3857694331 0.6268613705
0.6268613705 0.6590533302
0.6590533302 0.7093198466
0.7093198466 0.5386612893
0.5386612893 0.2802889232
0.2802889232 0.8159321657
0.8159321657 0.3719096865
0.3719096865 0.6861016344
0.6861016344 0.3101689384
0.3101689384 0.0093475217
0.0093475217 0.1037972845
0.1037972845 0.5209600690
0.5209600690 0.7758803287
0.7758803287 0.2206851478
0.2206851478 0.0552787907
0.0552787907 0.0706348708
0.0706348708 0.1602739194
0.1602739194 0.7237637307
0.7237637307 0.2970221100
0.2970221100 0.0506025944
0.0506025944 0.4778043174
0.4778043174 0.4571618961
0.4571618961 0.5199884863
0.5199884863 0.4464895765
0.4464895765 0.1503115334
0.1503115334 0.2859423860
0.2859423860 0.8336821347
0.8336821347 0.6956373997
0.6956373997 0.5777759960
0.5777759960 0.6811644657
0.6811644657 0.3311749554
0.3311749554 0.0574752712
0.0574752712 0.9868829888
0.9868829888 0.5423931491
0.5423931491 0.0016574161
0.0016574161 0.8561926195
0.8561926195 0.0293554799
0.0293554799 0.3775504047
0.3775504047 0.4896517030
0.4896517030 0.5761729612
0.5761729612 0.7389587274
0.7389587274 0.6793321989
0.6793321989 0.5362667691
0.5362667691 0.0355877020
0.0355877020 0.1225068933
0.1225068933 0.9733556420
0.9733556420 0.1882757969
0.1882757969 0.3513187437
0.3513187437 0.6141255198
0.6141255198 0.6076114674
0.6076114674 0.1259328174
0.1259328174 0.5528621425
0.5528621425 0.9540284956
0.9540284956 0.3569249778
0.3569249778 0.8381016393
0.8381016393 0.9742523362
0.9742523362 0.2590141922
0.2590141922 0.2515275978
0.2515275978 0.4243358748
0.4243358748 0.8130480106
0.8130480106 0.8979142373
0.8979142373 0.2445862211
0.2445862211 0.7606172938
0.7606172938 0.6948564200
0.6948564200 0.4518512299
0.4518512299 0.2636202477
0.2636202477 0.6655034552
0.6655034552 0.1165710455
0.1165710455 0.2095623059
0.2095623059 0.1136756694
0.1136756694 0.5469748366
0.5469748366 0.0060793702
0.0060793702 0.1759742583
0.1759742583 0.5993593091
0.5993593091 0.4319082827
0.4319082827 0.0825065398
0.0825065398 0.6874144886
0.6874144886 0.3753100617
0.3753100617 0.8362065590
0.8362065590 0.1236373741
0.1236373741 0.9733462031
0.9733462031 0.0296352920
0.0296352920 0.0803530817
0.0803530817 0.4942446265
0.4942446265 0.7694373791
0.7694373791 0.9340304727
0.9340304727 0.2501552721
0.2501552721 0.3596578279
0.3596578279 0.7691140570
0.7691140570 0.4999553312
0.4999553312 0.7492516156
0.7492516156 0.6719034727
0.6719034727 0.6816657803
0.6816657803 0.7567701772
0.7567701772 0.0363676190
0.0363676190 0.2305718848
0.2305718848 0.2216673173
0.2216673173 0.5626020481
0.5626020481 0.6526219201
0.6526219201 0.6166104281
0.6166104281 0.3714657465
0.3714657465 0.2248011954
0.2248011954 0.2336914983
0.2336914983 0.6530115980
0.6530115980 0.1659275364
0.1659275364 0.7441042279
0.7441042279 0.1597576985
0.1597576985 0.0476386026
0.0476386026 0.6619935113
0.6619935113 0.1249449133
0.1249449133 0.9491571476
0.9491571476 0.4841804632
0.4841804632 0.6210456372
0.6210456372 0.9140249863
0.9140249863 0.0179445199
0.0179445199 0.5935456579
0.5935456579 0.7218716357
0.7218716357 0.4965820012
0.4965820012 0.0536943912
0.0536943912 0.4416326040
0.4416326040 0.5191748643
0.5191748643 0.7719441516
0.7719441516 0.0653562676
0.0653562676 0.4427903362
0.4427903362 0.9771802071
0.9771802071 0.4677413611
0.4677413611 0.3290561034
0.3290561034 0.4459298670
0.4459298670 0.7432739538
0.7432739538 0.2053413089
0.2053413089 0.1713793372
0.1713793372 0.3725197671
0.3725197671 0.9397254032
0.9397254032 0.9648512499
0.9648512499 0.2549574781
0.2549574781 0.0703352085
0.0703352085 0.1238487736
0.1238487736 0.5263378404
0.5263378404 0.1600831622
0.1600831622 0.5177072163
0.5177072163 0.1051848382
0.1051848382 0.8415760434
0.8415760434 0.3685621402
0.3685621402 0.4238904758
0.4238904758 0.3272275568
0.3272275568 0.7135465446
0.7135465446 0.5767758603
0.5767758603 0.8718842295
0.8718842295 0.7582457665
0.7582457665 0.8365978337
0.8365978337 0.6997911025
0.6997911025 0.3890602274
0.3890602274 0.9352416019
0.9352416019 0.6056025515
0.6056025515 0.3620836261
0.3620836261 0.5395046750
0.5395046750 0.4550723920
0.4550723920 0.4016921783
0.4016921783 0.2404404763
0.2404404763 0.0830857130
0.0830857130 0.4215786506
0.4215786506 0.4723799468
0.4723799468 0.2897664645
0.2897664645 0.1049691430
0.1049691430 0.2163861497
0.2163861497 0.8020186493
0.8020186493 0.5274390921
0.5274390921 0.6688203512
0.6688203512 0.8636427530
0.8636427530 0.2437503162
0.2437503162 0.7115644471
0.7115644471 0.2636629274
0.2636629274 0.3828215033
0.3828215033 0.0810055193
0.0810055193 0.4597627695
0.4597627695 0.2328669812
0.2328669812 0.7953526116
0.7953526116 0.4913430850
0.4913430850 0.0032287808
0.0032287808 0.2661191580
0.2661191580 0.6646888315
0.6646888315 0.4251911004
0.4251911004 0.1868247442
0.1868247442 0.9634755780
0.9634755780 0.1340391418
0.1340391418 0.7958556580
0.7958556580 0.9460445740
0.9460445740 0.1711552330
0.1711552330 0.6060012973
0.6060012973 0.0638036230
0.0638036230 0.3474916682
0.3474916682 0.2924679989
0.2924679989 0.5096582279
0.5096582279 0.8258365168
0.8258365168 0.8343384568
0.8343384568 0.7264431150
0.7264431150 0.3294342884
0.3294342884 0.8020843555
0.8020843555 0.6317632737
0.6317632737 0.0453407164
0.0453407164 0.0414204388
0.0414204388 0.1533151107
0.1533151107 0.7670650164
0.7670650164 0.0617313800
0.0617313800 0.5193032159
0.5193032159 0.9291497897
0.9291497897 0.2205155330
0.2205155330 0.2045629198
0.2045629198 0.0889926632
0.0889926632 0.6996909895
0.6996909895 0.7064612739
0.7064612739 0.4946309144
0.4946309144 0.2617785191
0.2617785191 0.7115712719
0.7115712719 0.3783661953
0.3783661953 0.2006445295
0.2006445295 0.2326076097
0.2326076097 0.4360962396
0.4360962396 0.4694984939
0.4694984939 0.8611874361
0.8611874361 0.9772383245
0.9772383245 0.4445192029
0.4445192029 0.0342430994
0.0342430994 0.5237717403
0.5237717403 0.0316387918
0.0316387918 0.7531737721
0.7531737721 0.5915882008
0.5915882008 0.8228910322
0.8228910322 0.3295788706
0.3295788706 0.2320780941
0.2320780941 0.5365282691
0.5365282691 0.4306184079
0.4306184079 0.4035810867
0.4035810867 0.9873247403
0.9873247403 0.9669096526
0.9669096526 0.8505305833
0.8505305833 0.8675142265
0.8675142265 0.3116051877
0.3116051877 0.1483904087
0.1483904087 0.9975985913
0.9975985913 0.6395232983
0.6395232983 0.4680747257
0.4680747257 0.9319147244
0.9319147244 0.6907726190
0.6907726190 0.8154067671
0.8154067671 0.5415346467
0.5415346467 0.5728065221
0.5728065221 0.1592161153
0.1592161153 0.9452502727
0.9452502727 0.8213336951
0.8213336951 0.1554138796
0.1554138796 0.0410747673
0.0410747673 0.3436133765
0.3436133765 0.1100194287
0.1100194287 0.0965382741
0.0965382741 0.5187732733
0.5187732733 0.0224050386
0.0224050386 0.5614837196
0.5614837196 0.8568761176
0.8568761176 0.5169081052
0.5169081052 0.6745247322
0.6745247322 0.7371748950
0.7371748950 0.6984603320
0.6984603320 0.0227995468
0.0227995468 0.1919837562
0.1919837562 0.6709910080
0.6709910080 0.3458717374
0.3458717374 0.0662902785
0.0662902785 0.1407104848
0.1407104848 0.9211174901
0.9211174901 0.2216564595
0.2216564595 0.3801145960
0.3801145960 0.5860157859
0.5860157859 0.1673128066
0.1673128066 0.0263396874
0.0263396874 0.6911264559
0.6911264559 0.7623438862
0.7623438862 0.7136953248
0.7136953248 0.0773243178
0.0773243178 0.5898093356
0.5898093356 0.9255030462
0.9255030462 0.9296977715
0.9296977715 0.4304460028
0.4304460028 0.5059696112
0.5059696112 0.8312559788
0.8312559788 0.9192361300
0.9192361300 0.6016376412
0.6016376412 0.7238364572
0.7238364572 0.5193366346
0.5193366346 0.4908170060
0.4908170060 0.1614194155
0.1614194155 0.9761155685
0.9761155685 0.5743602815
0.5743602815 0.2732511113
0.2732511113 0.5314272957
0.5314272957 0.6985581632
0.6985581632 0.6670492909
0.6670492909 0.0974325422
0.0974325422 0.5487362847
0.5487362847 0.6107376668
0.6107376668 0.6679654385
0.6679654385 0.4951253396
0.4951253396 0.5715826077
0.5715826077 0.5888880415
0.5888880415 0.4413132157
0.4413132157 0.1512168903
0.1512168903 0.5022747286
0.5022747286 0.7313638161
0.7313638161 0.0316565489
0.0316565489 0.0516167111
0.0516167111 0.5220634642
0.5220634642 0.3206422954
0.3206422954 0.0350595075
0.0350595075 0.2451423324
0.2451423324 0.1071805181
0.1071805181 0.3829685149
0.3829685149 0.5518294263
0.5518294263 0.5971685078
0.5971685078 0.6111105641
0.6111105641 0.9352515042
0.9352515042 0.7720302938
0.7720302938 0.5131484906
0.5131484906 0.4866811524
0.4866811524 0.6501277441
0.6501277441 0.6969957481
0.6969957481 0.4075377432
0.4075377432 0.4868495141
0.4868495141 0.4797828554
0.4797828554 0.7104500624
0.7104500624 0.5341986462
0.5341986462 0.2766469648
0.2766469648 0.6055381748
0.6055381748 0.2801037288
0.2801037288 0.7033694585
0.7033694585 0.5304895730
0.5304895730 0.9382540253
0.9382540253 0.2354027188
0.2354027188 0.4134942272
0.4134942272 0.5974762303
0.5974762303 0.7830023355
0.7830023355 0.9202523646
0.9202523646 0.6814911154
0.6814911154 0.8211773316
0.8211773316 0.5274129987
0.5274129987 0.2302697498
0.2302697498 0.1436841507
0.1436841507 0.8995211175
0.8995211175 0.2514221166
0.2514221166 0.6515145365
0.6515145365 0.0048156087
0.0048156087 0.9359359406
0.9359359406 0.2753530532
0.2753530532 0.8587659266
0.8587659266 0.2789285673
0.2789285673 0.9524309407
0.9524309407 0.5068199530
0.5068199530 0.1229497516
0.1229497516 0.4164754252
0.4164754252 0.7024713804
0.7024713804 0.4364912084
0.4364912084 0.1077388097
0.1077388097 0.7661748001
0.7661748001 0.0998656075
0.0998656075 0.4412652214
0.4412652214 0.3445764898
0.3445764898 0.2970641769
0.2970641769 0.7576211406
0.7576211406 0.3385095947
0.3385095947 0.3307583511
0.3307583511 0.0556061869
0.0556061869 0.5731829170
0.5731829170 0.4852860405
0.4852860405 0.2024819703
0.2024819703 0.1144745849
0.1144745849 0.9743478675
0.9743478675 0.8646094985
0.8646094985 0.4918407446
0.4918407446 0.3673948303
0.3673948303 0.8049123701
0.8049123701 0.1622038186
0.1622038186 0.1595798014
0.1595798014 0.0577229280
0.0577229280 0.1492513894
0.1492513894 0.4681014225
0.4681014225 0.3806083004
0.3806083004 0.8837046548
0.8837046548 0.4241335305
0.4241335305 0.4122479499
0.4122479499 0.6512945991
0.6512945991 0.3083274911
0.3083274911 0.0601424654
0.0601424654 0.8144164727
0.8144164727 0.8976568984
0.8976568984 0.9194919509
0.9194919509 0.9012179477
0.9012179477 0.7700464566
0.7700464566 0.1707962422
0.1707962422 0.5724419232
0.5724419232 0.0314037763
0.0314037763 0.8032678179
0.8032678179 0.5222146500
0.5222146500 0.8616217765
0.8616217765 0.2771981611
0.2771981611 0.8694940716
0.8694940716 0.5868619725
0.5868619725 0.3891718864
0.3891718864 0.8118953811
0.8118953811 0.5256702488
0.5256702488 0.9398714844
0.9398714844 0.4200380712
0.4200380712 0.5798625064
0.5798625064 0.7491450458
0.7491450458 0.8807840831
0.8807840831 0.3380846997
0.3380846997 0.1895485884
0.1895485884 0.7431260141
0.7431260141 0.7189194480
0.7189194480 0.8791618295
0.8791618295 0.0728690494
0.0728690494 0.7101135872
0.7101135872 0.8790598786
0.8790598786 0.3593794165
0.3593794165 0.0898530987
0.0898530987 0.1610291424
0.1610291424 0.4167963604
0.4167963604 0.0964285532
0.0964285532 0.6746928430
0.6746928430 0.5626115932
0.5626115932 0.8130468371
0.8130468371 0.8781917868
0.8781917868 0.7693601003
0.7693601003 0.6352053623
0.6352053623 0.8965239729
0.8965239729 0.8784129512
0.8784129512 0.4864707009
0.4864707009 0.1130705947
0.1130705947 0.3774845374
0.3774845374 0.3826195977
0.3826195977 0.6875778985
0.6875778985 0.1217395622
0.1217395622 0.0768217589
0.0768217589 0.1433020551
0.1433020551 0.4776407799
0.4776407799 0.7085879704
0.7085879704 0.2380193352
0.2380193352 0.3909666140
0.3909666140 0.9758808096
0.9758808096 0.6287666567
0.6287666567 0.6811988273
0.6811988273 0.9086905694
0.9086905694 0.3624001436
0.3624001436 0.8592130825
0.8592130825 0.7942779124
0.7942779124 0.4288732975
0.4288732975 0.0735109556
0.0735109556 0.4986305630
0.4986305630 0.4838728348
0.4838728348 0.4507347925
0.4507347925 0.4996573308
0.4996573308 0.7407587817
0.7407587817 0.9328434653
0.9328434653 0.3001217466
0.3001217466 0.1461956339
0.1461956339 0.1100184639
0.1100184639 0.0803220370
0.0803220370 0.9724762407
0.9724762407 0.4081774505
0.4081774505 0.2384103743
0.2384103743 0.9631601996
0.9631601996 0.8334740334
0.8334740334 0.1980799358
0.1980799358 0.1294815438
0.1294815438 0.1963074385
0.1963074385 0.3391191574
0.3391191574 0.5756791972
0.5756791972 0.4402680832
0.4402680832 0.5856745926
0.5856745926 0.4328772656
0.4328772656 0.3682026725
0.3682026725 0.3823168997
0.3823168997 0.6001326514
0.6001326514 0.4294727666
0.4294727666 0.1487874217
0.1487874217 0.6701966681
0.6701966681 0.9954006108
0.9954006108 0.6980664449
0.6980664449 0.4027398868
0.4027398868 0.8492782488
0.8492782488 0.8195271840
0.8195271840 0.7933821770
0.7933821770 0.3742493966
0.3742493966 0.0096078883
0.0096078883 0.4797786076
0.4797786076 0.6390579220
0.6390579220 0.6464952043
0.6464952043 0.6448979018
0.6448979018 0.7990347691
0.7990347691 0.3773640550
0.3773640550 0.3576717737
0.3576717737 0.3895004645
0.3895004645 0.3343067525
0.3343067525 0.6935886772
0.6935886772 0.1448974550
0.1448974550 0.2915253678
0.2915253678 0.6668563316
0.6668563316 0.8543651276
0.8543651276 0.3146988839
0.3146988839 0.1441424555
0.1441424555 0.6022493954
0.6022493954 0.0055881972
0.0055881972 0.9208295326
0.9208295326 0.3819549314
0.3819549314 0.5165314723
0.5165314723 0.3444555324
0.3444555324 0.2641334563
0.2641334563 0.2909998006
0.2909998006 0.8336481461
0.8336481461 0.1243907074
0.1243907074 0.6346194263
0.6346194263 0.0486974502
0.0486974502 0.4580458628
0.4580458628 0.3768165570
0.3768165570 0.1558729015
0.1558729015 0.7558556538
0.7558556538 0.6659731975
0.6659731975 0.0115306052
0.0115306052 0.7948807589
0.7948807589 0.5609144199
0.5609144199 0.2886544630
0.2886544630 0.4155602196
0.4155602196 0.3206113280
0.3206113280 0.5145902990
0.5145902990 0.7191552356
0.7191552356 0.8420439040
0.8420439040 0.2318953416
0.2318953416 0.4650070423
0.4650070423 0.3733593171
0.3733593171 0.0500430684
0.0500430684 0.0738503272
0.0738503272 0.2024493475
0.2024493475 0.5661826337
0.5661826337 0.8315239217
0.8315239217 0.4225524810
0.4225524810 0.8395485835
0.8395485835 0.2930434459
0.2930434459 0.1811957830
0.1811957830 0.3575256804
0.3575256804 0.9341101576
0.9341101576 0.5894192325
0.5894192325 0.3690404628
0.3690404628 0.4630587154
0.4630587154 0.6278303357
0.6278303357 0.9444520608
0.9444520608 0.4057863082
0.4057863082 0.0504816356
0.0504816356 0.4448501176
0.4448501176 0.5959271917
0.5959271917 0.7483110711
0.7483110711 0.8641715370
0.8641715370 0.1310230606
0.1310230606 0.1045793603
0.1045793603 0.6653081084
0.6653081084 0.8333778357
0.8333778357 0.5812850951
0.5812850951 0.6585935641
0.6585935641 0.9820324220
0.9820324220 0.0189160155
0.0189160155 0.9214728791
0.9214728791 0.1946788673
0.1946788673 0.9677231554
0.9677231554 0.5230724577
0.5230724577 0.2787957277
0.2787957277 0.7197947557
0.7197947557 0.5904585638
0.5904585638 0.8370818523
0.8370818523 0.8346914909
0.8346914909 0.6598875735
0.6598875735 0.7304482077
0.7304482077 0.6430266870
0.6430266870 0.3495290579
0.3495290579 0.5348761913
0.5348761913 0.6641472856
0.6641472856 0.3234288801
0.3234288801 0.8691879794
0.8691879794 0.4423703199
0.4423703199 0.9179673153
0.9179673153 0.2766675643
0.2766675643 0.9517532717
0.9517532717 0.1172378180
0.1172378180 0.4160074002
0.4160074002 0.8363754707
0.8363754707 0.9625354274
0.9625354274 0.3329283145
0.3329283145 0.5261817074
0.5261817074 0.5359563341
0.5359563341 0.8181073297
0.8181073297 0.9298900989
0.9298900989 0.6628930344
0.6628930344 0.2432285018