0.00048828125	0.6005859375
0.6005859375	0.1206054688
0.1206054688	0.224609375
0.224609375	0.04541015625
0.04541015625	0.8095703125
0.8095703125	0.9624023438
0.9624023438	0.79296875
0.79296875	0.5590820312
0.5590820312	0.1123046875
0.1123046875	0.02294921875
0.02294921875	0.205078125
0.205078125	0.04150390625
0.04150390625	0.0087890625
0.0087890625	0.8022460938
0.8022460938	0.9609375
0.9609375	0.9926757812
0.9926757812	0.9990234375
0.9990234375	0.8002929688
0.8002929688	0.560546875
0.560546875	0.9125976562
0.9125976562	0.5830078125
0.5830078125	0.5170898438
0.5170898438	0.50390625
0.50390625	0.3012695312
0.3012695312	0.2607421875
0.2607421875	0.4526367188
0.4526367188	0.291015625
0.291015625	0.6586914062
0.6586914062	0.5322265625
0.5322265625	0.1069335938
0.1069335938	0.421875
0.421875	0.4848632812
0.4848632812	0.8974609375
0.8974609375	0.9799804688
0.9799804688	0.396484375
0.396484375	0.2797851562
0.2797851562	0.8564453125
0.8564453125	0.5717773438
0.5717773438	0.71484375
0.71484375	0.5434570312
0.5434570312	0.9091796875
0.9091796875	0.3823242188
0.3823242188	0.876953125
0.876953125	0.7758789062
0.7758789062	0.5556640625
0.5556640625	0.9116210938
0.9116210938	0.3828125
0.3828125	0.4770507812
0.4770507812	0.2958984375
0.2958984375	0.6596679688
0.6596679688	0.732421875
0.732421875	0.1469726562
0.1469726562	0.6298828125
0.6298828125	0.1264648438
0.1264648438	0.42578125
0.42578125	0.2856445312
0.2856445312	0.0576171875
0.0576171875	0.8120117188
0.8120117188	0.962890625
0.962890625	0.3930664062
0.3930664062	0.0791015625
0.0791015625	0.2163085938
0.2163085938	0.84375
0.84375	0.9692382812
0.9692382812	0.1943359375
0.1943359375	0.8393554688
0.8393554688	0.568359375
0.568359375	0.5141601562
0.5141601562	0.9033203125
0.9033203125	0.1811523438
0.1811523438	0.63671875
0.63671875	0.5278320312
0.5278320312	0.7060546875
0.7060546875	0.7416992188
0.7416992188	0.548828125
0.548828125	0.5102539062
0.5102539062	0.1025390625
0.1025390625	0.02099609375
0.02099609375	0.8046875
0.8046875	0.9614257812
0.9614257812	0.5927734375
0.5927734375	0.5190429688
0.5190429688	0.904296875
0.904296875	0.3813476562
0.3813476562	0.6767578125
0.6767578125	0.7358398438
0.7358398438	0.34765625
0.34765625	0.2700195312
0.2700195312	0.8544921875
0.8544921875	0.1713867188
0.1713867188	0.634765625
0.634765625	0.1274414062
0.1274414062	0.6259765625
0.6259765625	0.3256835938
0.3256835938	0.265625
0.265625	0.4536132812
0.4536132812	0.4912109375
0.4912109375	0.6987304688
0.6987304688	0.740234375
0.740234375	0.7485351562
0.7485351562	0.9501953125
0.9501953125	0.7905273438
0.7905273438	0.55859375
0.55859375	0.5122070312
0.5122070312	0.5029296875
0.5029296875	0.1010742188
0.1010742188	0.220703125
0.220703125	0.2446289062
0.2446289062	0.6494140625
0.6494140625	0.1303710938
0.1303710938	0.2265625
0.2265625	0.4458007812
0.4458007812	0.8896484375
0.8896484375	0.3784179688
0.3784179688	0.076171875
0.076171875	0.6157226562
0.6157226562	0.7236328125
0.7236328125	0.3452148438
0.3452148438	0.26953125
0.26953125	0.2543945312
0.2543945312	0.6513671875
0.6513671875	0.5307617188
0.5307617188	0.306640625
0.306640625	0.8618164062
0.8618164062	0.1728515625
0.1728515625	0.4350585938
0.4350585938	0.6875
0.6875	0.9379882812
0.9379882812	0.7880859375
0.7880859375	0.5581054688
0.5581054688	0.912109375
0.912109375	0.9829101562
0.9829101562	0.9970703125
0.9970703125	0.3999023438
0.3999023438	0.48046875
0.48046875	0.4965820312
0.4965820312	0.2998046875
0.2998046875	0.4604492188
0.4604492188	0.892578125
0.892578125	0.9790039062
0.9790039062	0.1962890625
0.1962890625	0.2397460938
0.2397460938	0.6484375
0.6484375	0.9301757812
0.9301757812	0.1865234375
0.1865234375	0.2377929688
0.2377929688	0.248046875
0.248046875	0.8500976562
0.8500976562	0.7705078125
0.7705078125	0.9545898438
0.9545898438	0.19140625
0.19140625	0.2387695312
0.2387695312	0.4482421875
0.4482421875	0.8901367188
0.8901367188	0.978515625
0.978515625	0.5961914062
0.5961914062	0.7197265625
0.7197265625	0.5444335938
0.5444335938	0.109375
0.109375	0.4223632812
0.4223632812	0.0849609375
0.0849609375	0.4174804688
0.4174804688	0.083984375
0.083984375	0.2172851562
0.2172851562	0.0439453125
0.0439453125	0.00927734375
0.00927734375	0.40234375
0.40234375	0.4809570312
0.4809570312	0.0966796875
0.0966796875	0.8198242188
0.8198242188	0.564453125
0.564453125	0.7133789062
0.7133789062	0.7431640625
0.7431640625	0.3491210938
0.3491210938	0.0703125
0.0703125	0.4145507812
0.4145507812	0.4833984375
0.4833984375	0.09716796875
0.09716796875	0.419921875
0.419921875	0.08447265625
0.08447265625	0.8173828125
0.8173828125	0.5639648438
0.5639648438	0.11328125
0.11328125	0.2231445312
0.2231445312	0.2451171875
0.2451171875	0.2495117188
0.2495117188	0.650390625
0.650390625	0.3305664062
0.3305664062	0.2666015625
0.2666015625	0.6538085938
0.6538085938	0.53125
0.53125	0.9067382812
0.9067382812	0.3818359375
0.3818359375	0.2768554688
0.2768554688	0.255859375
0.255859375	0.4516601562
0.4516601562	0.0908203125
0.0908203125	0.6186523438
0.6186523438	0.32421875
0.32421875	0.4653320312
0.4653320312	0.8935546875
0.8935546875	0.1791992188
0.1791992188	0.236328125
0.236328125	0.4477539062
0.4477539062	0.2900390625
0.2900390625	0.4584960938
0.4584960938	0.4921875
0.4921875	0.8989257812
0.8989257812	0.7802734375
0.7802734375	0.9565429688
0.9565429688	0.591796875
0.591796875	0.3188476562
0.3188476562	0.8642578125
0.8642578125	0.1733398438
0.1733398438	0.03515625
0.03515625	0.2075195312
0.2075195312	0.0419921875
0.0419921875	0.6088867188
0.6088867188	0.322265625
0.322265625	0.06494140625
0.06494140625	0.8134765625
0.8134765625	0.7631835938
0.7631835938	0.953125
0.953125	0.3911132812
0.3911132812	0.6787109375
0.6787109375	0.1362304688
0.1362304688	0.427734375
0.427734375	0.6860351562
0.6860351562	0.1376953125
0.1376953125	0.2280273438
0.2280273438	0.24609375
0.24609375	0.4497070312
0.4497070312	0.6904296875
0.6904296875	0.5385742188
0.5385742188	0.908203125
0.908203125	0.1821289062
0.1821289062	0.8369140625
0.8369140625	0.5678710938
0.5678710938	0.9140625
0.9140625	0.3833007812
0.3833007812	0.0771484375
0.0771484375	0.8159179688
0.8159179688	0.763671875
0.763671875	0.5532226562
0.5532226562	0.9111328125
0.9111328125	0.7827148438
0.7827148438	0.95703125
0.95703125	0.1918945312
0.1918945312	0.8388671875
0.8388671875	0.9682617188
0.9682617188	0.994140625
0.994140625	0.7993164062
0.7993164062	0.3603515625
0.3603515625	0.8725585938
0.8725585938	0.375
0.375	0.8754882812
0.8754882812	0.9755859375
0.9755859375	0.9956054688
0.9956054688	0.599609375
0.599609375	0.9204101562
0.9204101562	0.1845703125
0.1845703125	0.8374023438
0.8374023438	0.16796875
0.16796875	0.4340820312
0.4340820312	0.4873046875
0.4873046875	0.8979492188
0.8979492188	0.580078125
0.580078125	0.9165039062
0.9165039062	0.3837890625
0.3837890625	0.6772460938
0.6772460938	0.3359375
0.3359375	0.8676757812
0.8676757812	0.3740234375
0.3740234375	0.6752929688
0.6752929688	0.935546875
0.935546875	0.7875976562
0.7875976562	0.9580078125
0.9580078125	0.3920898438
0.3920898438	0.87890625
0.87890625	0.1762695312
0.1762695312	0.6357421875
0.6357421875	0.3276367188
0.3276367188	0.666015625
0.666015625	0.5336914062
0.5336914062	0.9072265625
0.9072265625	0.9819335938
0.9819335938	0.796875
0.796875	0.3598632812
0.3598632812	0.2724609375
0.2724609375	0.8549804688
0.8549804688	0.771484375
0.771484375	0.1547851562
0.1547851562	0.2314453125
0.2314453125	0.4467773438
0.4467773438	0.08984375
0.08984375	0.4184570312
0.4184570312	0.2841796875
0.2841796875	0.2573242188
0.2573242188	0.251953125
0.251953125	0.6508789062
0.6508789062	0.9306640625
0.9306640625	0.7866210938
0.7866210938	0.7578125
0.7578125	0.3520507812
0.3520507812	0.6708984375
0.6708984375	0.5346679688
0.5346679688	0.107421875
0.107421875	0.02197265625
0.02197265625	0.0048828125
0.0048828125	0.00146484375
0.00146484375	0.80078125
0.80078125	0.1606445312
0.1606445312	0.4326171875
0.4326171875	0.6870117188
0.6870117188	0.337890625
0.337890625	0.2680664062
0.2680664062	0.4541015625
0.4541015625	0.09130859375
0.09130859375	0.21875
0.21875	0.8442382812
0.8442382812	0.5693359375
0.5693359375	0.7143554688
0.7143554688	0.943359375
0.943359375	0.3891601562
0.3891601562	0.2783203125
0.2783203125	0.05615234375
0.05615234375	0.01171875
0.01171875	0.4028320312
0.4028320312	0.0810546875
0.0810546875	0.6166992188
0.6166992188	0.923828125
0.923828125	0.3852539062
0.3852539062	0.4775390625
0.4775390625	0.8959960938
0.8959960938	0.1796875
0.1796875	0.8364257812
0.8364257812	0.9677734375
0.9677734375	0.3940429688
0.3940429688	0.279296875
0.279296875	0.2563476562
0.2563476562	0.0517578125
0.0517578125	0.6108398438
0.6108398438	0.72265625
0.72265625	0.1450195312
0.1450195312	0.2294921875
0.2294921875	0.04638671875
0.04638671875	0.009765625
0.009765625	0.00244140625
0.00244140625	0.0009765625
0.0009765625	0.2006835938
0.2006835938	0.640625
0.640625	0.3286132812
0.3286132812	0.8662109375
0.8662109375	0.5737304688
0.5737304688	0.115234375
0.115234375	0.6235351562
0.6235351562	0.3251953125
0.3251953125	0.6655273438
0.6655273438	0.93359375
0.93359375	0.3872070312
0.3872070312	0.8779296875
0.8779296875	0.9760742188
0.9760742188	0.595703125
0.595703125	0.1196289062
0.1196289062	0.0244140625
0.0244140625	0.00537109375
0.00537109375	0.6015625
0.6015625	0.3208007812
0.3208007812	0.2646484375
0.2646484375	0.2534179688
0.2534179688	0.451171875
0.451171875	0.4907226562
0.4907226562	0.0986328125
0.0986328125	0.2202148438
0.2202148438	0.64453125
0.64453125	0.1293945312
0.1293945312	0.0263671875
0.0263671875	0.4057617188
0.4057617188	0.681640625
0.681640625	0.7368164062
0.7368164062	0.5478515625
0.5478515625	0.3100585938
0.3100585938	0.0625
0.0625	0.8129882812
0.8129882812	0.1630859375
0.1630859375	0.4331054688
0.4331054688	0.287109375
0.287109375	0.8579101562
0.8579101562	0.3720703125
0.3720703125	0.2749023438
0.2749023438	0.85546875
0.85546875	0.3715820312
0.3715820312	0.6748046875
0.6748046875	0.3354492188
0.3354492188	0.267578125
0.267578125	0.8540039062
0.8540039062	0.5712890625
0.5712890625	0.1147460938
0.1147460938	0.0234375
0.0234375	0.8051757812
0.8051757812	0.5615234375
0.5615234375	0.1127929688
0.1127929688	0.623046875
0.623046875	0.7250976562
0.7250976562	0.1455078125
0.1455078125	0.8295898438
0.8295898438	0.56640625
0.56640625	0.1137695312
0.1137695312	0.8232421875
0.8232421875	0.7651367188
0.7651367188	0.353515625
0.353515625	0.4711914062
0.4711914062	0.0947265625
0.0947265625	0.4194335938
0.4194335938	0.484375
0.484375	0.2973632812
0.2973632812	0.4599609375
0.4599609375	0.2924804688
0.2924804688	0.458984375
0.458984375	0.09228515625
0.09228515625	0.4189453125
0.4189453125	0.8842773438
0.8842773438	0.77734375
0.77734375	0.3559570312
0.3559570312	0.4716796875
0.4716796875	0.6948242188
0.6948242188	0.939453125
0.939453125	0.5883789062
0.5883789062	0.1181640625
0.1181640625	0.2241210938
0.2241210938	0.4453125
0.4453125	0.2895507812
0.2895507812	0.8583984375
0.8583984375	0.9721679688
0.9721679688	0.794921875
0.794921875	0.9594726562
0.9594726562	0.1923828125
0.1923828125	0.4389648438
0.4389648438	0.48828125
0.48828125	0.09814453125
0.09814453125	0.6201171875
0.6201171875	0.1245117188
0.1245117188	0.025390625
0.025390625	0.2055664062
0.2055664062	0.6416015625
0.6416015625	0.5288085938
0.5288085938	0.90625
0.90625	0.7817382812
0.7817382812	0.7568359375
0.7568359375	0.1518554688
0.1518554688	0.630859375
0.630859375	0.3266601562
0.3266601562	0.4658203125
0.4658203125	0.4936523438
0.4936523438	0.69921875
0.69921875	0.3403320312
0.3403320312	0.2685546875
0.2685546875	0.05419921875
0.05419921875	0.611328125
0.611328125	0.3227539062
0.3227539062	0.6650390625
0.6650390625	0.3334960938
0.3334960938	0.8671875
0.8671875	0.7739257812
0.7739257812	0.1552734375
0.1552734375	0.8315429688
0.8315429688	0.966796875
0.966796875	0.1938476562
0.1938476562	0.2392578125
0.2392578125	0.04833984375
0.04833984375	0.41015625
0.41015625	0.08251953125
0.08251953125	0.4169921875
0.4169921875	0.4838867188
0.4838867188	0.697265625
0.697265625	0.9399414062
0.9399414062	0.1884765625
0.1884765625	0.6381835938
0.6381835938	0.328125
0.328125	0.2661132812
0.2661132812	0.0537109375
0.0537109375	0.01123046875
0.01123046875	0.802734375
0.802734375	0.5610351562
0.5610351562	0.5126953125
0.5126953125	0.1030273438
0.1030273438	0.62109375
0.62109375	0.3247070312
0.3247070312	0.0654296875
0.0654296875	0.4135742188
0.4135742188	0.283203125
0.283203125	0.05712890625
0.05712890625	0.2119140625
0.2119140625	0.4428710938
0.4428710938	0.2890625
0.2890625	0.2583007812
0.2583007812	0.4521484375
0.4521484375	0.6909179688
0.6909179688	0.138671875
0.138671875	0.4282226562
0.4282226562	0.2861328125
0.2861328125	0.6577148438
0.6577148438	0.33203125
0.33203125	0.06689453125
0.06689453125	0.2138671875
0.2138671875	0.8432617188
0.8432617188	0.369140625
0.369140625	0.6743164062
0.6743164062	0.7353515625
0.7353515625	0.7475585938
0.7475585938	0.75
0.75	0.7504882812
0.7504882812	0.3505859375
0.3505859375	0.8706054688
0.8706054688	0.974609375
0.974609375	0.7954101562
0.7954101562	0.5595703125
0.5595703125	0.7124023438
0.7124023438	0.54296875
0.54296875	0.3090820312
0.3090820312	0.8623046875
0.8623046875	0.7729492188
0.7729492188	0.955078125
0.955078125	0.7915039062
0.7915039062	0.7587890625
0.7587890625	0.5522460938
0.5522460938	0.7109375
0.7109375	0.7426757812
0.7426757812	0.7490234375
0.7490234375	0.5502929688
0.5502929688	0.310546875
0.310546875	0.6625976562
0.6625976562	0.3330078125
0.3330078125	0.2670898438
0.2670898438	0.25390625
0.25390625	0.05126953125
0.05126953125	0.0107421875
0.0107421875	0.2026367188
0.2026367188	0.041015625
0.041015625	0.4086914062
0.4086914062	0.2822265625
0.2822265625	0.8569335938
0.8569335938	0.171875
0.171875	0.2348632812
0.2348632812	0.6474609375
0.6474609375	0.7299804688
0.7299804688	0.146484375
0.146484375	0.02978515625
0.02978515625	0.6064453125
0.6064453125	0.3217773438
0.3217773438	0.46484375
0.46484375	0.2934570312
0.2934570312	0.6591796875
0.6591796875	0.1323242188
0.1323242188	0.626953125
0.626953125	0.5258789062
0.5258789062	0.3056640625
0.3056640625	0.6616210938
0.6616210938	0.1328125
0.1328125	0.2270507812
0.2270507812	0.0458984375
0.0458984375	0.4096679688
0.4096679688	0.482421875
0.482421875	0.8969726562
0.8969726562	0.3798828125
0.3798828125	0.8764648438
0.8764648438	0.17578125
0.17578125	0.03564453125
0.03564453125	0.8076171875
0.8076171875	0.5620117188
0.5620117188	0.712890625
0.712890625	0.1430664062
0.1430664062	0.8291015625
0.8291015625	0.9663085938
0.9663085938	0.59375
0.59375	0.7192382812
0.7192382812	0.9443359375
0.9443359375	0.5893554688
0.5893554688	0.318359375
0.318359375	0.2641601562
0.2641601562	0.6533203125
0.6533203125	0.9311523438
0.9311523438	0.38671875
0.38671875	0.2778320312
0.2778320312	0.4560546875
0.4560546875	0.4916992188
0.4916992188	0.298828125
0.298828125	0.2602539062
0.2602539062	0.8525390625
0.8525390625	0.7709960938
0.7709960938	0.5546875
0.5546875	0.7114257812
0.7114257812	0.3427734375
0.3427734375	0.2690429688
0.2690429688	0.654296875
0.654296875	0.1313476562
0.1313476562	0.4267578125
0.4267578125	0.4858398438
0.4858398438	0.09765625
0.09765625	0.02001953125
0.02001953125	0.6044921875
0.6044921875	0.9213867188
0.9213867188	0.384765625
0.384765625	0.8774414062
0.8774414062	0.3759765625
0.3759765625	0.07568359375
0.07568359375	0.015625
0.015625	0.2036132812
0.2036132812	0.2412109375
0.2412109375	0.4487304688
0.4487304688	0.490234375
0.490234375	0.4985351562
0.4985351562	0.7001953125
0.7001953125	0.5405273438
0.5405273438	0.30859375
0.30859375	0.2622070312
0.2622070312	0.2529296875
0.2529296875	0.8510742188
0.8510742188	0.970703125
0.970703125	0.9946289062
0.9946289062	0.3994140625
0.3994140625	0.8803710938
0.8803710938	0.9765625
0.9765625	0.1958007812
0.1958007812	0.6396484375
0.6396484375	0.1284179688
0.1284179688	0.826171875
0.826171875	0.3657226562
0.3657226562	0.4736328125
0.4736328125	0.09521484375
0.09521484375	0.01953125
0.01953125	0.00439453125
0.00439453125	0.4013671875
0.4013671875	0.2807617188
0.2807617188	0.056640625
0.056640625	0.6118164062
0.6118164062	0.9228515625
0.9228515625	0.1850585938
0.1850585938	0.4375
0.4375	0.6879882812
0.6879882812	0.5380859375
0.5380859375	0.3081054688
0.3081054688	0.662109375
0.662109375	0.7329101562
0.7329101562	0.7470703125
0.7470703125	0.1499023438
0.1499023438	0.23046875
0.23046875	0.2465820312
0.2465820312	0.0498046875
0.0498046875	0.2104492188
0.2104492188	0.642578125
0.642578125	0.7290039062
0.7290039062	0.9462890625
0.9462890625	0.9897460938
0.9897460938	0.3984375
0.3984375	0.6801757812
0.6801757812	0.9365234375
0.9365234375	0.9877929688
0.9877929688	0.998046875
0.998046875	0.6000976562
0.6000976562	0.5205078125
0.5205078125	0.7045898438
0.7045898438	0.94140625
0.94140625	0.9887695312
0.9887695312	0.1982421875
0.1982421875	0.6401367188
0.6401367188	0.728515625
0.728515625	0.3461914062
0.3461914062	0.4697265625
0.4697265625	0.2944335938
0.2944335938	0.859375
0.859375	0.1723632812
0.1723632812	0.8349609375
0.8349609375	0.1674804688
0.1674804688	0.833984375
0.833984375	0.9672851562
0.9672851562	0.7939453125
0.7939453125	0.7592773438
0.7592773438	0.15234375
0.15234375	0.2309570312
0.2309570312	0.8466796875
0.8466796875	0.5698242188
0.5698242188	0.314453125
0.314453125	0.4633789062
0.4633789062	0.4931640625
0.4931640625	0.09912109375
0.09912109375	0.8203125
0.8203125	0.1645507812
0.1645507812	0.2333984375
0.2333984375	0.8471679688
0.8471679688	0.169921875
0.169921875	0.8344726562
0.8344726562	0.5673828125
0.5673828125	0.3139648438
0.3139648438	0.86328125
0.86328125	0.9731445312
0.9731445312	0.9951171875
0.9951171875	0.9995117188
0.9995117188	0.400390625
0.400390625	0.08056640625
0.08056640625	0.0166015625
0.0166015625	0.4038085938
0.4038085938	0.28125
0.28125	0.6567382812
0.6567382812	0.1318359375
0.1318359375	0.02685546875
0.02685546875	0.005859375
0.005859375	0.2016601562
0.2016601562	0.8408203125
0.8408203125	0.3686523438
0.3686523438	0.07421875
0.07421875	0.2153320312
0.2153320312	0.6435546875
0.6435546875	0.9291992188
0.9291992188	0.986328125
0.986328125	0.1977539062
0.1977539062	0.0400390625
0.0400390625	0.2084960938
0.2084960938	0.2421875
0.2421875	0.6489257812
0.6489257812	0.5302734375
0.5302734375	0.7065429688
0.7065429688	0.341796875
0.341796875	0.06884765625
0.06884765625	0.6142578125
0.6142578125	0.9233398438
0.9233398438	0.78515625
0.78515625	0.9575195312
0.9575195312	0.7919921875
0.7919921875	0.3588867188
0.3588867188	0.072265625
0.072265625	0.8149414062
0.8149414062	0.5634765625
0.5634765625	0.5131835938
0.5131835938	0.703125
0.703125	0.1411132812
0.1411132812	0.4287109375
0.4287109375	0.8862304688
0.8862304688	0.177734375
0.177734375	0.4360351562
0.4360351562	0.8876953125
0.8876953125	0.9780273438
0.9780273438	0.99609375
0.99609375	0.1997070312
0.1997070312	0.4404296875
0.4404296875	0.2885742188
0.2885742188	0.658203125
0.658203125	0.9321289062
0.9321289062	0.5869140625
0.5869140625	0.3178710938
0.3178710938	0.6640625
0.6640625	0.1333007812
0.1333007812	0.8271484375
0.8271484375	0.5659179688
0.5659179688	0.513671875
0.513671875	0.3032226562
0.3032226562	0.6611328125
0.6611328125	0.5327148438
0.5327148438	0.70703125
0.70703125	0.9418945312
0.9418945312	0.5888671875
0.5888671875	0.7182617188
0.7182617188	0.744140625
0.744140625	0.5493164062
0.5493164062	0.1103515625
0.1103515625	0.6225585938
0.6225585938	0.125
0.125	0.6254882812
0.6254882812	0.7255859375
0.7255859375	0.7456054688
0.7456054688	0.349609375
0.349609375	0.6704101562
0.6704101562	0.9345703125
0.9345703125	0.5874023438
0.5874023438	0.91796875
0.91796875	0.1840820312
0.1840820312	0.2373046875
0.2373046875	0.6479492188
0.6479492188	0.330078125
0.330078125	0.6665039062
0.6665039062	0.1337890625
0.1337890625	0.4272460938
0.4272460938	0.0859375
0.0859375	0.6176757812
0.6176757812	0.1240234375
0.1240234375	0.4252929688
0.4252929688	0.685546875
0.685546875	0.5375976562
0.5375976562	0.7080078125
0.7080078125	0.1420898438
0.1420898438	0.62890625
0.62890625	0.9262695312
0.9262695312	0.3857421875
0.3857421875	0.07763671875
0.07763671875	0.416015625
0.416015625	0.2836914062
0.2836914062	0.6572265625
0.6572265625	0.7319335938
0.7319335938	0.546875
0.546875	0.1098632812
0.1098632812	0.0224609375
0.0224609375	0.6049804688
0.6049804688	0.521484375
0.521484375	0.9047851562
0.9047851562	0.9814453125
0.9814453125	0.1967773438
0.1967773438	0.83984375
0.83984375	0.1684570312
0.1684570312	0.0341796875
0.0341796875	0.00732421875
0.00732421875	0.001953125
0.001953125	0.4008789062
0.4008789062	0.6806640625
0.6806640625	0.5366210938
0.5366210938	0.5078125
0.5078125	0.1020507812
0.1020507812	0.4208984375
0.4208984375	0.2846679688
0.2846679688	0.857421875
0.857421875	0.7719726562
0.7719726562	0.7548828125
0.7548828125	0.7514648438
0.7514648438	0.55078125
0.55078125	0.9106445312
0.9106445312	0.1826171875
0.1826171875	0.4370117188
0.4370117188	0.087890625
0.087890625	0.01806640625
0.01806640625	0.2041015625
0.2041015625	0.8413085938
0.8413085938	0.96875
0.96875	0.5942382812
0.5942382812	0.3193359375
0.3193359375	0.4643554688
0.4643554688	0.693359375
0.693359375	0.1391601562
0.1391601562	0.0283203125
0.0283203125	0.8061523438
0.8061523438	0.76171875
0.76171875	0.1528320312
0.1528320312	0.8310546875
0.8310546875	0.3666992188
0.3666992188	0.673828125
0.673828125	0.1352539062
0.1352539062	0.2275390625
0.2275390625	0.6459960938
0.6459960938	0.9296875
0.9296875	0.5864257812
0.5864257812	0.7177734375
0.7177734375	0.1440429688
0.1440429688	0.029296875
0.029296875	0.00634765625
0.00634765625	0.8017578125
0.8017578125	0.3608398438
0.3608398438	0.47265625
0.47265625	0.8950195312
0.8950195312	0.9794921875
0.9794921875	0.7963867188
0.7963867188	0.759765625
0.759765625	0.7524414062
0.7524414062	0.7509765625
0.7509765625	0.9506835938
0.9506835938	0.390625
0.390625	0.07861328125
0.07861328125	0.6162109375
0.6162109375	0.3237304688
0.3237304688	0.865234375
0.865234375	0.3735351562
0.3735351562	0.0751953125
0.0751953125	0.4155273438
0.4155273438	0.68359375
0.68359375	0.1372070312
0.1372070312	0.6279296875
0.6279296875	0.7260742188
0.7260742188	0.345703125
0.345703125	0.8696289062
0.8696289062	0.7744140625
0.7744140625	0.7553710938
0.7553710938	0.3515625
0.3515625	0.07080078125
0.07080078125	0.0146484375
0.0146484375	0.00341796875
0.00341796875	0.201171875
0.201171875	0.2407226562
0.2407226562	0.8486328125
0.8486328125	0.9702148438
0.9702148438	0.39453125
0.39453125	0.8793945312
0.8793945312	0.7763671875
0.7763671875	0.1557617188
0.1557617188	0.431640625
0.431640625	0.4868164062
0.4868164062	0.2978515625
0.2978515625	0.06005859375
0.06005859375	0.8125
0.8125	0.5629882812
0.5629882812	0.9130859375
0.9130859375	0.1831054688
0.1831054688	0.037109375
0.037109375	0.6079101562
0.6079101562	0.1220703125
0.1220703125	0.02490234375
0.02490234375	0.60546875
0.60546875	0.1215820312
0.1215820312	0.4248046875
0.4248046875	0.08544921875
0.08544921875	0.017578125
0.017578125	0.6040039062
0.6040039062	0.3212890625
0.3212890625	0.8647460938
0.8647460938	0.7734375
0.7734375	0.5551757812
0.5551757812	0.3115234375
0.3115234375	0.8627929688
0.8627929688	0.373046875
0.373046875	0.4750976562
0.4750976562	0.8955078125
0.8955078125	0.5795898438
0.5795898438	0.31640625
0.31640625	0.8637695312
0.8637695312	0.5732421875
0.5732421875	0.5151367188
0.5151367188	0.103515625
0.103515625	0.2211914062
0.2211914062	0.8447265625
0.8447265625	0.1694335938
0.1694335938	0.234375
0.234375	0.04736328125
0.04736328125	0.2099609375
0.2099609375	0.04248046875
0.04248046875	0.208984375
0.208984375	0.8422851562
0.8422851562	0.1689453125
0.1689453125	0.6342773438
0.6342773438	0.52734375
0.52734375	0.1059570312
0.1059570312	0.2216796875
0.2216796875	0.4448242188
0.4448242188	0.689453125
0.689453125	0.3383789062
0.3383789062	0.8681640625
0.8681640625	0.9741210938
0.9741210938	0.1953125
0.1953125	0.03955078125
0.03955078125	0.6083984375
0.6083984375	0.7221679688
0.7221679688	0.544921875
0.544921875	0.7094726562
0.7094726562	0.9423828125
0.9423828125	0.1889648438
0.1889648438	0.23828125
0.23828125	0.8481445312
0.8481445312	0.3701171875
0.3701171875	0.8745117188
0.8745117188	0.775390625
0.775390625	0.9555664062
0.9555664062	0.3916015625
0.3916015625	0.2788085938
0.2788085938	0.65625
0.65625	0.5317382812
0.5317382812	0.5068359375
0.5068359375	0.9018554688
0.9018554688	0.380859375
0.380859375	0.07666015625
0.07666015625	0.2158203125
0.2158203125	0.2436523438
0.2436523438	0.44921875
0.44921875	0.09033203125
0.09033203125	0.0185546875
0.0185546875	0.8041992188
0.8041992188	0.361328125
0.361328125	0.07275390625
0.07275390625	0.4150390625
0.4150390625	0.08349609375
0.08349609375	0.6171875
0.6171875	0.5239257812
0.5239257812	0.9052734375
0.9052734375	0.5815429688
0.5815429688	0.716796875
0.716796875	0.9438476562
0.9438476562	0.9892578125
0.9892578125	0.7983398438
0.7983398438	0.16015625
0.16015625	0.8325195312
0.8325195312	0.1669921875
0.1669921875	0.2338867188
0.2338867188	0.447265625
0.447265625	0.6899414062
0.6899414062	0.9384765625
0.9384765625	0.3881835938
0.3881835938	0.078125
0.078125	0.01611328125
0.01611328125	0.8037109375
0.8037109375	0.7612304688
0.7612304688	0.552734375
0.552734375	0.3110351562
0.3110351562	0.2626953125
0.2626953125	0.8530273438
0.8530273438	0.37109375
0.37109375	0.07470703125
0.07470703125	0.8154296875
0.8154296875	0.1635742188
0.1635742188	0.033203125
0.033203125	0.8071289062
0.8071289062	0.9619140625
0.9619140625	0.1928710938
0.1928710938	0.0390625
0.0390625	0.00830078125
0.00830078125	0.2021484375
0.2021484375	0.4409179688
0.4409179688	0.888671875
0.888671875	0.1782226562
0.1782226562	0.0361328125
0.0361328125	0.4077148438
0.4077148438	0.08203125
0.08203125	0.8168945312
0.8168945312	0.9638671875
0.9638671875	0.5932617188
0.5932617188	0.119140625
0.119140625	0.4243164062
0.4243164062	0.4853515625
0.4853515625	0.4975585938
0.4975585938	0.5
0.5	0.5004882812
0.5004882812	0.1005859375
0.1005859375	0.6206054688
0.6206054688	0.724609375
0.724609375	0.5454101562
0.5454101562	0.3095703125
0.3095703125	0.4624023438
0.4624023438	0.29296875
0.29296875	0.05908203125
0.05908203125	0.6123046875
0.6123046875	0.5229492188
0.5229492188	0.705078125
0.705078125	0.5415039062
0.5415039062	0.5087890625
0.5087890625	0.3022460938
0.3022460938	0.4609375
0.4609375	0.4926757812
0.4926757812	0.4990234375
0.4990234375	0.3002929688
0.3002929688	0.060546875
0.060546875	0.4125976562
0.4125976562	0.0830078125
0.0830078125	0.01708984375
0.01708984375	0.00390625
0.00390625	0.8012695312
0.8012695312	0.7607421875
0.7607421875	0.9526367188
0.9526367188	0.791015625
0.791015625	0.1586914062
0.1586914062	0.0322265625
0.0322265625	0.6069335938
0.6069335938	0.921875
0.921875	0.9848632812
0.9848632812	0.3974609375
0.3974609375	0.4799804688
0.4799804688	0.896484375
0.896484375	0.7797851562
0.7797851562	0.3564453125
0.3564453125	0.07177734375
0.07177734375	0.21484375
0.21484375	0.04345703125
0.04345703125	0.4091796875
0.4091796875	0.8823242188
0.8823242188	0.376953125
0.376953125	0.2758789062
0.2758789062	0.0556640625
0.0556640625	0.4116210938
0.4116210938	0.8828125
0.8828125	0.9770507812
0.9770507812	0.7958984375
0.7958984375	0.1596679688
0.1596679688	0.232421875
0.232421875	0.6469726562
0.6469726562	0.1298828125
0.1298828125	0.6264648438
0.6264648438	0.92578125
0.92578125	0.7856445312
0.7856445312	0.5576171875
0.5576171875	0.3120117188
0.3120117188	0.462890625
0.462890625	0.8930664062
0.8930664062	0.5791015625
0.5791015625	0.7163085938
0.7163085938	0.34375
0.34375	0.4692382812
0.4692382812	0.6943359375
0.6943359375	0.3393554688
0.3393554688	0.068359375
0.068359375	0.01416015625
0.01416015625	0.4033203125
0.4033203125	0.6811523438
0.6811523438	0.13671875
0.13671875	0.02783203125
0.02783203125	0.2060546875
0.2060546875	0.2416992188
0.2416992188	0.048828125
0.048828125	0.01025390625
0.01025390625	0.6025390625
0.6025390625	0.5209960938
0.5209960938	0.3046875
0.3046875	0.4614257812
0.4614257812	0.0927734375
0.0927734375	0.01904296875
0.01904296875	0.404296875
0.404296875	0.8813476562
0.8813476562	0.1767578125
0.1767578125	0.2358398438
0.2358398438	0.84765625
0.84765625	0.7700195312
0.7700195312	0.3544921875
0.3544921875	0.6713867188
0.6713867188	0.134765625
0.134765625	0.6274414062
0.6274414062	0.1259765625
0.1259765625	0.8256835938
0.8256835938	0.765625
0.765625	0.9536132812
0.9536132812	0.9912109375
0.9912109375	0.1987304688
0.1987304688	0.240234375
0.240234375	0.2485351562
0.2485351562	0.4501953125
0.4501953125	0.2905273438
0.2905273438	0.05859375
0.05859375	0.01220703125
0.01220703125	0.0029296875
0.0029296875	0.6010742188
0.6010742188	0.720703125
0.720703125	0.7446289062
0.7446289062	0.1494140625
0.1494140625	0.6303710938
0.6303710938	0.7265625
0.7265625	0.9458007812
0.9458007812	0.3896484375
0.3896484375	0.8784179688
0.8784179688	0.576171875
0.576171875	0.1157226562
0.1157226562	0.2236328125
0.2236328125	0.8452148438
0.8452148438	0.76953125
0.76953125	0.7543945312
0.7543945312	0.1513671875
0.1513671875	0.03076171875
0.03076171875	0.806640625
0.806640625	0.3618164062
0.3618164062	0.6728515625
0.6728515625	0.9350585938
0.9350585938	0.1875
0.1875	0.4379882812
0.4379882812	0.2880859375
0.2880859375	0.05810546875
0.05810546875	0.412109375
0.412109375	0.4829101562
0.4829101562	0.4970703125
0.4970703125	0.8999023438
0.8999023438	0.98046875
0.98046875	0.9965820312
0.9965820312	0.7998046875
0.7998046875	0.9604492188
0.9604492188	0.392578125
0.392578125	0.4790039062
0.4790039062	0.6962890625
0.6962890625	0.7397460938
0.7397460938	0.1484375
0.1484375	0.4301757812
0.4301757812	0.6865234375
0.6865234375	0.7377929688
0.7377929688	0.748046875
0.748046875	0.3500976562
0.3500976562	0.2705078125
0.2705078125	0.4545898438
0.4545898438	0.69140625
0.69140625	0.7387695312
0.7387695312	0.9482421875
0.9482421875	0.3901367188
0.3901367188	0.478515625
0.478515625	0.09619140625
0.09619140625	0.2197265625
0.2197265625	0.04443359375
0.04443359375	0.609375
0.609375	0.9223632812
0.9223632812	0.5849609375
0.5849609375	0.9174804688
0.9174804688	0.583984375
0.583984375	0.7172851562
0.7172851562	0.5439453125
0.5439453125	0.5092773438
0.5092773438	0.90234375
0.90234375	0.9809570312
0.9809570312	0.5966796875
0.5966796875	0.3198242188
0.3198242188	0.064453125
0.064453125	0.2133789062
0.2133789062	0.2431640625
0.2431640625	0.8491210938
0.8491210938	0.5703125
0.5703125	0.9145507812
0.9145507812	0.9833984375
0.9833984375	0.5971679688
0.5971679688	0.919921875
0.919921875	0.5844726562
0.5844726562	0.3173828125
0.3173828125	0.06396484375
0.06396484375	0.61328125
0.61328125	0.7231445312
0.7231445312	0.7451171875
0.7451171875	0.7495117188
0.7495117188	0.150390625
0.150390625	0.8305664062
0.8305664062	0.7666015625
0.7666015625	0.1538085938
0.1538085938	0.03125
0.03125	0.4067382812
0.4067382812	0.8818359375
0.8818359375	0.7768554688
0.7768554688	0.755859375
0.755859375	0.9516601562
0.9516601562	0.5908203125
0.5908203125	0.1186523438
0.1186523438	0.82421875
0.82421875	0.9653320312
0.9653320312	0.3935546875
0.3935546875	0.6791992188
0.6791992188	0.736328125
0.736328125	0.9477539062
0.9477539062	0.7900390625
0.7900390625	0.9584960938
0.9584960938	0.9921875
0.9921875	0.3989257812
0.3989257812	0.2802734375
0.2802734375	0.4565429688
0.4565429688	0.091796875
0.091796875	0.8188476562
0.8188476562	0.3642578125
0.3642578125	0.6733398438
0.6733398438	0.53515625
0.53515625	0.7075195312
0.7075195312	0.5419921875
0.5419921875	0.1088867188
0.1088867188	0.822265625
0.822265625	0.5649414062
0.5649414062	0.3134765625
0.3134765625	0.2631835938
0.2631835938	0.453125
0.453125	0.8911132812
0.8911132812	0.1787109375
0.1787109375	0.6362304688
0.6362304688	0.927734375
0.927734375	0.1860351562
0.1860351562	0.6376953125
0.6376953125	0.7280273438
0.7280273438	0.74609375
0.74609375	0.9497070312
0.9497070312	0.1904296875
0.1904296875	0.03857421875
0.03857421875	0.408203125
0.408203125	0.6821289062
0.6821289062	0.3369140625
0.3369140625	0.06787109375
0.06787109375	0.4140625
0.4140625	0.8833007812
0.8833007812	0.5771484375
0.5771484375	0.3159179688
0.3159179688	0.263671875
0.263671875	0.05322265625
0.05322265625	0.4111328125
0.4111328125	0.2827148438
0.2827148438	0.45703125
0.45703125	0.6918945312
0.6918945312	0.3388671875
0.3388671875	0.4682617188
0.4682617188	0.494140625
0.494140625	0.2993164062
0.2993164062	0.8603515625
0.8603515625	0.3725585938
0.3725585938	0.875
0.875	0.3754882812
0.3754882812	0.4755859375
0.4755859375	0.4956054688
0.4956054688	0.099609375
0.099609375	0.4204101562
0.4204101562	0.6845703125
0.6845703125	0.3374023438
0.3374023438	0.66796875
0.66796875	0.9340820312
0.9340820312	0.9873046875
0.9873046875	0.3979492188
0.3979492188	0.080078125
0.080078125	0.4165039062
0.4165039062	0.8837890625
0.8837890625	0.1772460938
0.1772460938	0.8359375
0.8359375	0.3676757812
0.3676757812	0.8740234375
0.8740234375	0.1752929688
0.1752929688	0.435546875
0.435546875	0.2875976562
0.2875976562	0.4580078125
0.4580078125	0.8920898438
0.8920898438	0.37890625
0.37890625	0.6762695312
0.6762695312	0.1357421875
0.1357421875	0.8276367188
0.8276367188	0.166015625
0.166015625	0.03369140625
0.03369140625	0.4072265625
0.4072265625	0.4819335938
0.4819335938	0.296875
0.296875	0.8598632812
0.8598632812	0.7724609375
0.7724609375	0.3549804688
0.3549804688	0.271484375
0.271484375	0.6547851562
0.6547851562	0.7314453125
0.7314453125	0.9467773438
0.9467773438	0.58984375
0.58984375	0.9184570312
0.9184570312	0.7841796875
0.7841796875	0.7573242188
0.7573242188	0.751953125
0.751953125	0.1508789062
0.1508789062	0.4306640625
0.4306640625	0.2866210938
0.2866210938	0.2578125
0.2578125	0.8520507812
0.8520507812	0.1708984375
0.1708984375	0.03466796875
0.03466796875	0.607421875
0.607421875	0.5219726562
0.5219726562	0.5048828125
0.5048828125	0.5014648438
0.5014648438	0.30078125
0.30078125	0.6606445312
0.6606445312	0.9326171875
0.9326171875	0.1870117188
0.1870117188	0.837890625
0.837890625	0.7680664062
0.7680664062	0.9541015625
0.9541015625	0.5913085938
0.5913085938	0.71875
0.71875	0.3442382812
0.3442382812	0.0693359375
0.0693359375	0.2143554688
0.2143554688	0.443359375
0.443359375	0.8891601562
0.8891601562	0.7783203125
0.7783203125	0.5561523438
0.5561523438	0.51171875
0.51171875	0.9028320312
0.9028320312	0.5810546875
0.5810546875	0.1166992188
0.1166992188	0.423828125
0.423828125	0.8852539062
0.8852539062	0.9775390625
0.9775390625	0.3959960938
0.3959960938	0.6796875
0.6796875	0.3364257812
0.3364257812	0.4677734375
0.4677734375	0.8940429688
0.8940429688	0.779296875
0.779296875	0.7563476562
0.7563476562	0.5517578125
0.5517578125	0.1108398438
0.1108398438	0.22265625
0.22265625	0.6450195312
0.6450195312	0.7294921875
0.7294921875	0.5463867188
0.5463867188	0.509765625
0.509765625	0.5024414062
0.5024414062	0.5009765625
0.5009765625	0.7006835938
0.7006835938	0.140625
0.140625	0.8286132812
0.8286132812	0.3662109375
0.3662109375	0.07373046875
0.07373046875	0.615234375
0.615234375	0.1235351562
0.1235351562	0.8251953125
0.8251953125	0.1655273438
0.1655273438	0.43359375
0.43359375	0.8872070312
0.8872070312	0.3779296875
0.3779296875	0.4760742188
0.4760742188	0.095703125
0.095703125	0.6196289062
0.6196289062	0.5244140625
0.5244140625	0.5053710938
0.5053710938	0.1015625
0.1015625	0.8208007812
0.8208007812	0.7646484375
0.7646484375	0.7534179688
0.7534179688	0.951171875
0.951171875	0.9907226562
0.9907226562	0.5986328125
0.5986328125	0.7202148438
0.7202148438	0.14453125
0.14453125	0.6293945312
0.6293945312	0.5263671875
0.5263671875	0.9057617188
0.9057617188	0.181640625
0.181640625	0.2368164062
0.2368164062	0.0478515625
0.0478515625	0.8100585938
0.8100585938	0.5625
0.5625	0.3129882812
0.3129882812	0.6630859375
0.6630859375	0.9331054688
0.9331054688	0.787109375
0.787109375	0.3579101562
0.3579101562	0.8720703125
0.8720703125	0.7749023438
0.7749023438	0.35546875
0.35546875	0.8715820312
0.8715820312	0.1748046875
0.1748046875	0.8354492188
0.8354492188	0.767578125
0.767578125	0.3540039062
0.3540039062	0.0712890625
0.0712890625	0.6147460938
0.6147460938	0.5234375
0.5234375	0.3051757812
0.3051757812	0.0615234375
0.0615234375	0.6127929688
0.6127929688	0.123046875
0.123046875	0.2250976562
0.2250976562	0.6455078125
0.6455078125	0.3295898438
0.3295898438	0.06640625
0.06640625	0.6137695312
0.6137695312	0.3232421875
0.3232421875	0.2651367188
0.2651367188	0.853515625
0.853515625	0.9711914062
0.9711914062	0.5947265625
0.5947265625	0.9194335938
0.9194335938	0.984375
0.984375	0.7973632812
0.7973632812	0.9599609375
0.9599609375	0.7924804688
0.7924804688	0.958984375
0.958984375	0.5922851562
0.5922851562	0.9189453125
0.9189453125	0.3842773438
0.3842773438	0.27734375
0.27734375	0.8559570312
0.8559570312	0.9716796875
0.9716796875	0.1948242188
0.1948242188	0.439453125
0.439453125	0.08837890625
0.08837890625	0.6181640625
0.6181640625	0.7241210938
0.7241210938	0.9453125
0.9453125	0.7895507812
0.7895507812	0.3583984375
0.3583984375	0.4721679688
0.4721679688	0.294921875
0.294921875	0.4594726562
0.4594726562	0.6923828125
0.6923828125	0.9389648438
0.9389648438	0.98828125
0.98828125	0.5981445312
0.5981445312	0.1201171875
0.1201171875	0.6245117188
0.6245117188	0.525390625
0.525390625	0.7055664062
0.7055664062	0.1416015625
0.1416015625	0.02880859375
0.02880859375	0.40625
0.40625	0.2817382812
0.2817382812	0.2568359375
0.2568359375	0.6518554688
0.6518554688	0.130859375
0.130859375	0.8266601562
0.8266601562	0.9658203125
0.9658203125	0.9936523438
0.9936523438	0.19921875
0.19921875	0.8403320312
0.8403320312	0.7685546875
0.7685546875	0.5541992188
0.5541992188	0.111328125
0.111328125	0.8227539062
0.8227539062	0.1650390625
0.1650390625	0.8334960938
0.8334960938	0.3671875
0.3671875	0.2739257812
0.2739257812	0.6552734375
0.6552734375	0.3315429688
0.3315429688	0.466796875
0.466796875	0.6938476562
0.6938476562	0.7392578125
0.7392578125	0.5483398438
0.5483398438	0.91015625
0.91015625	0.5825195312
0.5825195312	0.9169921875
0.9169921875	0.9838867188
0.9838867188	0.197265625
0.197265625	0.4399414062
0.4399414062	0.6884765625
0.6884765625	0.1381835938
0.1381835938	0.828125
0.828125	0.7661132812
0.7661132812	0.5537109375
0.5537109375	0.5112304688
0.5112304688	0.302734375
0.302734375	0.06103515625
0.06103515625	0.0126953125
0.0126953125	0.6030273438
0.6030273438	0.12109375
0.12109375	0.8247070312
0.8247070312	0.5654296875
0.5654296875	0.9135742188
0.9135742188	0.783203125
0.783203125	0.5571289062
0.5571289062	0.7119140625
0.7119140625	0.9428710938
0.9428710938	0.7890625
0.7890625	0.7583007812
0.7583007812	0.9521484375
0.9521484375	0.1909179688
0.1909179688	0.638671875
0.638671875	0.9282226562
0.9282226562	0.7861328125
0.7861328125	0.1577148438
0.1577148438	0.83203125
0.83203125	0.5668945312
0.5668945312	0.7138671875
0.7138671875	0.3432617188
0.3432617188	0.869140625
0.869140625	0.1743164062
0.1743164062	0.2353515625
0.2353515625	0.2475585938
0.2475585938	0.25
0.25	0.2504882812
0.2504882812	0.8505859375
0.8505859375	0.3706054688
0.3706054688	0.474609375
0.474609375	0.2954101562
0.2954101562	0.0595703125
0.0595703125	0.2124023438
0.2124023438	0.04296875
0.04296875	0.8090820312
0.8090820312	0.3623046875
0.3623046875	0.2729492188
0.2729492188	0.455078125
0.455078125	0.2915039062
0.2915039062	0.2587890625
0.2587890625	0.05224609375
0.05224609375	0.2109375
0.2109375	0.2426757812
0.2426757812	0.2490234375
0.2490234375	0.05029296875
0.05029296875	0.810546875
0.810546875	0.1625976562
0.1625976562	0.8330078125
0.8330078125	0.7670898438
0.7670898438	0.75390625
0.75390625	0.5512695312
0.5512695312	0.5107421875
0.5107421875	0.7026367188
0.7026367188	0.541015625
0.541015625	0.9086914062
0.9086914062	0.7822265625
0.7822265625	0.3569335938
0.3569335938	0.671875
0.671875	0.7348632812
0.7348632812	0.1474609375
0.1474609375	0.2299804688
0.2299804688	0.646484375
0.646484375	0.5297851562
0.5297851562	0.1064453125
0.1064453125	0.8217773438
0.8217773438	0.96484375
0.96484375	0.7934570312
0.7934570312	0.1591796875
0.1591796875	0.6323242188
0.6323242188	0.126953125
0.126953125	0.02587890625
0.02587890625	0.8056640625
0.8056640625	0.1616210938
0.1616210938	0.6328125
0.6328125	0.7270507812
0.7270507812	0.5458984375
0.5458984375	0.9096679688
0.9096679688	0.982421875
0.982421875	0.3969726562
0.3969726562	0.8798828125
0.8798828125	0.3764648438
0.3764648438	0.67578125
0.67578125	0.5356445312
0.5356445312	0.3076171875
0.3076171875	0.06201171875
0.06201171875	0.212890625
0.212890625	0.6430664062
0.6430664062	0.3291015625
0.3291015625	0.4663085938
0.4663085938	0.09375
0.09375	0.2192382812
0.2192382812	0.4443359375
0.4443359375	0.08935546875
0.08935546875	0.818359375
0.818359375	0.7641601562
0.7641601562	0.1533203125
0.1533203125	0.4311523438
0.4311523438	0.88671875
0.88671875	0.7778320312
0.7778320312	0.9560546875
0.9560546875	0.9916992188
0.9916992188	0.798828125
0.798828125	0.7602539062
0.7602539062	0.3525390625
0.3525390625	0.2709960938
0.2709960938	0.0546875
0.0546875	0.2114257812
0.2114257812	0.8427734375
0.8427734375	0.7690429688
0.7690429688	0.154296875
0.154296875	0.6313476562
0.6313476562	0.9267578125
0.9267578125	0.9858398438
0.9858398438	0.59765625
0.59765625	0.5200195312
0.5200195312	0.1044921875
0.1044921875	0.4213867188
0.4213867188	0.884765625
0.884765625	0.3774414062
0.3774414062	0.8759765625
0.8759765625	0.5756835938
0.5756835938	0.515625
0.515625	0.7036132812
0.7036132812	0.7412109375
0.7412109375	0.9487304688
0.9487304688	0.990234375
0.990234375	0.9985351562
0.9985351562	0.2001953125
0.2001953125	0.04052734375
0.04052734375	0.80859375
0.80859375	0.7622070312
0.7622070312	0.7529296875
0.7529296875	0.3510742188
0.3510742188	0.470703125
0.470703125	0.4946289062
0.4946289062	0.8994140625
0.8994140625	0.3803710938
0.3803710938	0.4765625
0.4765625	0.6958007812
0.6958007812	0.1396484375
0.1396484375	0.6284179688
0.6284179688	0.326171875
0.326171875	0.8657226562
0.8657226562	0.9736328125
0.9736328125	0.5952148438
0.5952148438	0.51953125
0.51953125	0.5043945312
0.5043945312	0.9013671875
0.9013671875	0.7807617188
0.7807617188	0.556640625
0.556640625	0.1118164062
0.1118164062	0.4228515625
0.4228515625	0.6850585938
0.6850585938	0.9375
0.9375	0.1879882812
0.1879882812	0.0380859375
0.0380859375	0.8081054688
0.8081054688	0.162109375
0.162109375	0.2329101562
0.2329101562	0.2470703125
0.2470703125	0.6499023438
0.6499023438	0.73046875
0.73046875	0.7465820312
0.7465820312	0.5498046875
0.5498046875	0.7104492188
0.7104492188	0.142578125
0.142578125	0.2290039062
0.2290039062	0.4462890625
0.4462890625	0.4897460938
0.4897460938	0.8984375
0.8984375	0.1801757812
0.1801757812	0.4365234375
0.4365234375	0.4877929688
0.4877929688	0.498046875
0.498046875	0.1000976562
0.1000976562	0.0205078125
0.0205078125	0.2045898438
0.2045898438	0.44140625
0.44140625	0.4887695312
0.4887695312	0.6982421875
0.6982421875	0.1401367188
0.1401367188	0.228515625
0.228515625	0.8461914062
0.8461914062	0.9697265625
0.9697265625	0.7944335938
0.7944335938	0.359375
0.359375	0.6723632812
0.6723632812	0.3349609375
0.3349609375	0.6674804688
0.6674804688	0.333984375
0.333984375	0.4672851562
0.4672851562	0.2939453125
0.2939453125	0.2592773438
0.2592773438	0.65234375
0.65234375	0.7309570312
0.7309570312	0.3466796875
0.3466796875	0.06982421875
0.06982421875	0.814453125
0.814453125	0.9633789062
0.9633789062	0.9931640625
0.9931640625	0.5991210938
0.5991210938	0.3203125
0.3203125	0.6645507812
0.6645507812	0.7333984375
0.7333984375	0.3471679688
0.3471679688	0.669921875
0.669921875	0.3344726562
0.3344726562	0.0673828125
0.0673828125	0.8139648438
0.8139648438	0.36328125
0.36328125	0.4731445312
0.4731445312	0.4951171875
0.4951171875	0.4995117188
0.4995117188	0.900390625
0.900390625	0.5805664062
0.5805664062	0.5166015625
0.5166015625	0.9038085938
0.9038085938	0.78125
0.78125	0.1567382812
0.1567382812	0.6318359375
0.6318359375	0.5268554688
0.5268554688	0.505859375
0.505859375	0.7016601562
0.7016601562	0.3408203125
0.3408203125	0.8686523438
0.8686523438	0.57421875
0.57421875	0.7153320312
0.7153320312	0.1435546875
0.1435546875	0.4291992188
0.4291992188	0.486328125
0.486328125	0.6977539062
0.6977539062	0.5400390625
0.5400390625	0.7084960938
0.7084960938	0.7421875
0.7421875	0.1489257812
0.1489257812	0.0302734375
0.0302734375	0.2065429688
0.2065429688	0.841796875
0.841796875	0.5688476562
0.5688476562	0.1142578125
0.1142578125	0.4233398438
0.4233398438	0.28515625
0.28515625	0.4575195312
0.4575195312	0.2919921875
0.2919921875	0.8588867188
0.8588867188	0.572265625
0.572265625	0.3149414062
0.3149414062	0.0634765625
0.0634765625	0.01318359375
0.01318359375	0.203125
0.203125	0.6411132812
0.6411132812	0.9287109375
0.9287109375	0.3862304688
0.3862304688	0.677734375
0.677734375	0.9360351562
0.9360351562	0.3876953125
0.3876953125	0.4780273438
0.4780273438	0.49609375
0.49609375	0.6997070312
0.6997070312	0.9404296875
0.9404296875	0.7885742188
0.7885742188	0.158203125
0.158203125	0.4321289062
0.4321289062	0.0869140625
0.0869140625	0.8178710938
0.8178710938	0.1640625
0.1640625	0.6333007812
0.6333007812	0.3271484375
0.3271484375	0.06591796875
0.06591796875	0.013671875
0.013671875	0.8032226562
0.8032226562	0.1611328125
0.1611328125	0.03271484375
0.03271484375	0.20703125
0.20703125	0.4418945312
0.4418945312	0.0888671875
0.0888671875	0.2182617188
0.2182617188	0.244140625
0.244140625	0.04931640625
0.04931640625	0.6103515625
0.6103515625	0.1225585938
0.1225585938	0.625
0.625	0.1254882812
0.1254882812	0.2255859375
0.2255859375	0.2456054688
0.2456054688	0.849609375
0.849609375	0.1704101562
0.1704101562	0.4345703125
0.4345703125	0.08740234375
0.08740234375	0.41796875
0.41796875	0.6840820312
0.6840820312	0.7373046875
0.7373046875	0.1479492188
0.1479492188	0.830078125
0.830078125	0.1665039062
0.1665039062	0.6337890625
0.6337890625	0.9272460938
0.9272460938	0.5859375
0.5859375	0.1176757812
0.1176757812	0.6240234375
0.6240234375	0.9252929688
0.9252929688	0.185546875
0.185546875	0.03759765625
0.03759765625	0.2080078125
0.2080078125	0.6420898438
0.6420898438	0.12890625
0.12890625	0.4262695312
0.4262695312	0.8857421875
0.8857421875	0.5776367188
0.5776367188	0.916015625
0.916015625	0.7836914062
0.7836914062	0.1572265625
0.1572265625	0.2319335938
0.2319335938	0.046875
0.046875	0.6098632812
0.6098632812	0.5224609375
0.5224609375	0.1049804688
0.1049804688	0.021484375
0.021484375	0.4047851562
0.4047851562	0.4814453125
0.4814453125	0.6967773438
0.6967773438	0.33984375
0.33984375	0.6684570312
0.6684570312	0.5341796875
0.5341796875	0.5073242188
0.5073242188	0.501953125
0.501953125	0.9008789062
0.9008789062	0.1806640625
0.1806640625	0.03662109375
0.03662109375	0.0078125
0.0078125	0.6020507812
0.6020507812	0.9208984375
0.9208984375	0.7846679688
0.7846679688	0.357421875
0.357421875	0.2719726562
0.2719726562	0.2548828125
0.2548828125	0.2514648438
0.2514648438	0.05078125
0.05078125	0.4106445312
0.4106445312	0.6826171875
0.6826171875	0.9370117188
0.9370117188	0.587890625
0.587890625	0.5180664062
0.5180664062	0.7041015625
0.7041015625	0.3413085938
0.3413085938	0.46875
0.46875	0.09423828125
0.09423828125	0.8193359375
0.8193359375	0.9643554688
0.9643554688	0.193359375
0.193359375	0.6391601562
0.6391601562	0.5283203125
0.5283203125	0.3061523438
0.3061523438	0.26171875
0.26171875	0.6528320312
0.6528320312	0.3310546875
0.3310546875	0.8666992188
0.8666992188	0.173828125
0.173828125	0.6352539062
0.6352539062	0.7275390625
0.7275390625	0.1459960938
0.1459960938	0.4296875
0.4296875	0.08642578125
0.08642578125	0.2177734375
0.2177734375	0.6440429688
0.6440429688	0.529296875
0.529296875	0.5063476562
0.5063476562	0.3017578125
0.3017578125	0.8608398438
0.8608398438	0.97265625
0.97265625	0.3950195312
0.3950195312	0.4794921875
0.4794921875	0.2963867188
0.2963867188	0.259765625
0.259765625	0.2524414062
0.2524414062	0.2509765625
0.2509765625	0.4506835938
0.4506835938	0.890625
0.890625	0.5786132812
0.5786132812	0.1162109375
0.1162109375	0.8237304688
0.8237304688	0.365234375
0.365234375	0.8735351562
0.8735351562	0.5751953125
0.5751953125	0.9155273438
0.9155273438	0.18359375
0.18359375	0.6372070312
0.6372070312	0.1279296875
0.1279296875	0.2260742188
0.2260742188	0.845703125
0.845703125	0.3696289062
0.3696289062	0.2744140625
0.2744140625	0.2553710938
0.2553710938	0.8515625
0.8515625	0.5708007812
0.5708007812	0.5146484375
0.5146484375	0.5034179688
0.5034179688	0.701171875
0.701171875	0.7407226562
0.7407226562	0.3486328125
0.3486328125	0.4702148438
0.4702148438	0.89453125
0.89453125	0.3793945312
0.3793945312	0.2763671875
0.2763671875	0.6557617188
0.6557617188	0.931640625
0.931640625	0.9868164062
0.9868164062	0.7978515625
0.7978515625	0.5600585938
0.5600585938	0.3125
0.3125	0.06298828125
0.06298828125	0.4130859375
0.4130859375	0.6831054688
0.6831054688	0.537109375
0.537109375	0.1079101562
0.1079101562	0.6220703125
0.6220703125	0.5249023438
0.5249023438	0.10546875
0.10546875	0.6215820312
0.6215820312	0.9248046875
0.9248046875	0.5854492188
0.5854492188	0.517578125
0.517578125	0.1040039062
0.1040039062	0.8212890625
0.8212890625	0.3647460938
0.3647460938	0.2734375
0.2734375	0.05517578125
0.05517578125	0.8115234375
0.8115234375	0.3627929688
0.3627929688	0.873046875
0.873046875	0.9750976562
0.9750976562	0.3955078125
0.3955078125	0.07958984375
0.07958984375	0.81640625
0.81640625	0.3637695312
0.3637695312	0.0732421875
0.0732421875	0.01513671875
0.01513671875	0.603515625
0.603515625	0.7211914062
0.7211914062	0.3447265625
0.3447265625	0.6694335938
0.6694335938	0.734375
0.734375	0.5473632812
0.5473632812	0.7099609375
0.7099609375	0.5424804688
0.5424804688	0.708984375
0.708984375	0.3422851562
0.3422851562	0.6689453125
0.6689453125	0.1342773438
0.1342773438	0.02734375
0.02734375	0.6059570312
0.6059570312	0.7216796875
0.7216796875	0.9448242188
0.9448242188	0.189453125
0.189453125	0.8383789062
0.8383789062	0.3681640625
0.3681640625	0.4741210938
0.4741210938	0.6953125
0.6953125	0.5395507812
0.5395507812	0.1083984375
0.1083984375	0.2221679688
0.2221679688	0.044921875
0.044921875	0.2094726562
0.2094726562	0.4423828125
0.4423828125	0.6889648438
0.6889648438	0.73828125
0.73828125	0.3481445312
0.3481445312	0.8701171875
0.8701171875	0.3745117188
0.3745117188	0.275390625
0.275390625	0.4555664062
0.4555664062	0.8916015625
0.8916015625	0.7788085938
0.7788085938	0.15625
0.15625	0.03173828125
0.03173828125	0.0068359375
0.0068359375	0.4018554688
0.4018554688	0.880859375
0.880859375	0.5766601562
0.5766601562	0.7158203125
0.7158203125	0.7436523438
0.7436523438	0.94921875
0.94921875	0.5903320312
0.5903320312	0.5185546875
0.5185546875	0.3041992188
0.3041992188	0.861328125
0.861328125	0.5727539062
0.5727539062	0.9150390625
0.9150390625	0.5834960938
0.5834960938	0.1171875
0.1171875	0.02392578125
0.02392578125	0.4052734375
0.4052734375	0.08154296875
0.08154296875	0.216796875
0.216796875	0.4438476562
0.4438476562	0.4892578125
0.4892578125	0.2983398438
0.2983398438	0.66015625
0.66015625	0.3325195312
0.3325195312	0.6669921875
0.6669921875	0.7338867188
0.7338867188	0.947265625
0.947265625	0.1899414062
0.1899414062	0.4384765625
0.4384765625	0.8881835938
0.8881835938	0.578125
0.578125	0.5161132812
0.5161132812	0.3037109375
0.3037109375	0.2612304688
0.2612304688	0.052734375
0.052734375	0.8110351562
0.8110351562	0.7626953125
0.7626953125	0.3530273438
0.3530273438	0.87109375
0.87109375	0.5747070312
0.5747070312	0.3154296875
0.3154296875	0.6635742188
0.6635742188	0.533203125
0.533203125	0.3071289062
0.3071289062	0.4619140625
0.4619140625	0.6928710938
0.6928710938	0.5390625
0.5390625	0.5083007812
0.5083007812	0.7021484375
0.7021484375	0.9409179688
0.9409179688	0.388671875
0.388671875	0.6782226562
0.6782226562	0.5361328125
0.5361328125	0.9077148438
0.9077148438	0.58203125
0.58203125	0.3168945312
0.3168945312	0.4638671875
0.4638671875	0.09326171875
0.09326171875	0.619140625
0.619140625	0.9243164062
0.9243164062	0.9853515625
0.9853515625	0.9975585938
0.9975585938	0

